37543
2
247
2652
5793
100
1358
16271
322
28571
16049
1563
1257
52
24946
3873
1262
62
57718
6037
0
9488
2602
102
2972
668
3
21716
3838
18641
35762
26330
3
23529
16047
14642
64
7632
865
105
28835
46671
652
13394
300
35
0
31357
237
4518
65708
68775
68433
49168
53839
81317
62958
61762
65988
65936
76242
44358
55974
63322
49038
57705
46097
73058
68551
59356
56286
70983
57625
81317
55974
54749
65708
84178
68433
76242
73586
70983
60580
53839
64972
76519
60059
62440
70983
50824
62308
57718
52313
57705
61762
67195
79281
54517
54517
52195
