1000 865
689 741 318 684 779 964 627 456 726 723 210 276 479 98 713 855 52 29 981 325 522 672 542 26 489 801 356 468 851 7 137 363 979 831 279 291 461 463 97 770 501 485 616 521 902 487 693 378 184 710 255 63 400 454 604 272 450 125 143 365 535 4 441 410 856 478 811 586 757 993 246 940 962 290 109 307 227 876 833 517 836 48 783 909 777 427 171 882 944 607 678 138 561 743 752 506 698 954 310 798 884 236 972 247 458 606 599 826 660 288 505 615 834 403 1000 67 188 337 933 495 572 191 130 817 224 626 96 559 764 271 812 676 581 990 531 667 605 394 931 661 60 681 984 66 818 149 62 527 749 771 141 963 557 841 546 355 545 460 925 797 766 448 946 930 51 195 860 43 789 199 297 893 541 15 334 28 910 187 848 258 177 512 892 25 440 158 701 133 675 644 825 555 532 392 128 889 704 617 423 640 913 469 753 717 686 474 566 350 762 746 654 748 816 466 3 68 186 699 319 249 551 597 347 827 56 417 666 966 491 281 462 728 612 58 408 344 576 747 217 821 534 200 847 645 999 503 54 434 943 69 558 34 438 465 772 393 457 658 643 230 886 8 709 389 628 725 632 692 156 663 324 702 548 850 903 283 958 739 677 182 939 332 471 316 570 497 31 870 765 100 106 18 908 755 774 78 308 926 494 846 383 148 959 547 935 690 814 598 934 75 338 328 190 803 563 185 639 894 565 424 819 809 904 891 510 413 782 345 19 373 890 267 481 399 585 84 744 630 12 340 414 796 90 758 721 760 245 196 395 975 362 845 520 443 537 916 952 91 77 582 27 863 252 808 802 435 602 144 708 838 57 905 714 864 844 941 483 280 145 786 326 385 932 402 45 47 107 897 289 396 262 237 6 123 135 405 995 579 155 655 970 358 13 625 596 638 180 181 881 163 484 906 229 82 274 352 336 737 763 439 498 257 330 669 854 322 705 406 733 416 212 235 165 901 95 936 657 712 937 504 431 536 618 564 756 32 129 513 552 914 600 425 298 269 40 948 631 94 411 706 573 924 218 101 608 173 428 388 386 419 780 647 751 490 509 960 53 578 820 549 14 679 317 449 16 349 971 183 131 703 375 175 301 164 950 571 238 839 304 795 397 823 986 611 70 167 426 736 829 33 275 409 634 683 39 36 354 879 168 112 50 126 329 226 496 21 887 83 911 518 477 674 956 222 732 368 715 277 89 685 23 671 259 445 493 372 544 9 769 883 377 104 799 832 994 696 609 251 830 147 44 978 603 278 475 455 41 339 333 961 861 17 927 560 20 213 286 787 459 198 444 519 568 942 996 127 877 649 530 610 590 282 76 729 111 140 835 656 327 983 785 209 992 103 270 738 114 813 85 342 464 591 922 59 659 580 900 10 260 528 321 815 807 773 366 110 865 221 734 588 61 858 401 273 162 170 969 119 718 982 370 824 159 502 415 154 341 161 152 384 641 38 822 642 24 482 867 492 584 601 853 80 451 295 122 790 919 775 577 313 306 314 353 673 977 407 620 351 945 697 929 529 614 357 473 636 346 923 117 265 256 116 997 234 688 315 878 436 650 296 791 418 79 806 299 664 391 203 985 637 852 955 72 524 583 711 64 71 115 953 153 241 22 533 120 42 390 268 11 442 169 745 73 843 254 285 653 472 124 874 422 665 287 574 920 554 113 805 888 526 907 430 292 404 727 794 868 735 635 499 516 99 92 912 967 550 172 343 553 476 150 622 869 320 421 486 731 556 594 323 880 266 508 228 896 872 380 429 201 621 331 949 206 976 788 538 453 233 875 202 136 194 695 973 376 284 374 742 361 5 49 179 740 305 921 65 232 613 309 220 488 55 205 189 293 243 335 432 750 381 837 216 263 767 87 142 225 302 208 118 193 192 980 207 947 951 480 793 862 102 720 691 849 360 108 633 680 523 540 724 915 595 446 369 525
1 2
1 3
2 4
1 5
3 6
1 7
7 8
7 9
5 10
5 11
3 12
7 13
12 14
3 15
1 16
5 17
3 18
5 19
10 20
3 21
15 22
3 23
2 24
6 25
7 26
12 27
7 28
11 29
25 30
7 31
31 32
3 33
2 34
13 35
35 36
19 37
18 38
26 39
23 40
36 41
16 42
17 43
37 44
8 45
17 46
10 47
16 48
36 49
25 50
21 51
45 52
24 53
10 54
14 55
20 56
9 57
15 58
44 59
52 60
26 61
15 62
10 63
5 64
31 65
6 66
37 67
50 68
61 69
14 70
18 71
59 72
29 73
24 74
67 75
39 76
57 77
26 78
55 79
69 80
29 81
74 82
65 83
70 84
71 85
84 86
32 87
67 88
16 89
86 90
85 91
81 92
8 93
90 94
77 95
46 96
6 97
82 98
2 99
86 100
18 101
24 102
57 103
47 104
97 105
29 106
40 107
89 108
29 109
98 110
93 111
30 112
98 113
50 114
103 115
96 116
97 117
101 118
88 119
88 120
49 121
101 122
24 123
106 124
58 125
119 126
22 127
92 128
56 129
78 130
130 131
88 132
14 133
82 134
42 135
113 136
56 137
5 138
86 139
56 140
124 141
120 142
99 143
133 144
50 145
20 146
135 147
99 148
95 149
109 150
1 151
39 152
94 153
11 154
75 155
100 156
62 157
22 158
146 159
75 160
150 161
111 162
59 163
86 164
85 165
90 166
159 167
39 168
82 169
160 170
107 171
58 172
58 173
1 174
66 175
62 176
109 177
132 178
130 179
147 180
76 181
75 182
22 183
61 184
182 185
64 186
44 187
42 188
130 189
94 190
41 191
163 192
191 193
127 194
16 195
163 196
184 197
101 198
180 199
19 200
64 201
133 202
25 203
88 204
79 205
107 206
193 207
172 208
83 209
177 210
104 211
174 212
117 213
123 214
21 215
89 216
1 217
126 218
122 219
111 220
97 221
214 222
23 223
7 224
115 225
90 226
120 227
83 228
38 229
109 230
63 231
12 232
57 233
176 234
95 235
150 236
80 237
227 238
231 239
194 240
181 241
139 242
84 243
102 244
12 245
128 246
137 247
171 248
72 249
114 250
185 251
150 252
12 253
220 254
3 255
233 256
242 257
74 258
35 259
115 260
95 261
166 262
188 263
188 264
109 265
232 266
42 267
78 268
4 269
188 270
59 271
126 272
226 273
47 274
76 275
34 276
95 277
160 278
220 279
53 280
265 281
177 282
140 283
199 284
77 285
194 286
256 287
198 288
188 289
181 290
3 291
127 292
192 293
227 294
135 295
97 296
68 297
77 298
82 299
113 300
235 301
285 302
45 303
141 304
282 305
75 306
96 307
114 308
49 309
30 310
58 311
137 312
278 313
69 314
92 315
55 316
210 317
51 318
148 319
246 320
18 321
246 322
227 323
113 324
95 325
191 326
63 327
308 328
279 329
94 330
217 331
238 332
18 333
135 334
165 335
121 336
189 337
153 338
144 339
313 340
331 341
29 342
286 343
239 344
62 345
139 346
153 347
46 348
126 349
264 350
14 351
158 352
179 353
215 354
152 355
280 356
62 357
305 358
16 359
186 360
45 361
140 362
136 363
349 364
348 365
68 366
146 367
155 368
252 369
9 370
280 371
212 372
327 373
12 374
163 375
324 376
274 377
287 378
79 379
290 380
62 381
289 382
103 383
317 384
352 385
339 386
276 387
341 388
9 389
212 390
215 391
62 392
110 393
247 394
238 395
221 396
121 397
24 398
55 399
396 400
70 401
16 402
312 403
129 404
347 405
53 406
23 407
388 408
49 409
141 410
367 411
107 412
268 413
31 414
399 415
343 416
119 417
314 418
289 419
236 420
302 421
17 422
251 423
337 424
138 425
123 426
411 427
52 428
41 429
128 430
164 431
397 432
235 433
227 434
3 435
41 436
310 437
48 438
56 439
437 440
75 441
438 442
262 443
28 444
286 445
244 446
260 447
103 448
346 449
114 450
302 451
58 452
7 453
17 454
428 455
162 456
18 457
240 458
96 459
205 460
108 461
82 462
395 463
395 464
252 465
124 466
261 467
83 468
408 469
204 470
49 471
335 472
192 473
246 474
474 475
425 476
11 477
119 478
330 479
144 480
232 481
461 482
126 483
52 484
119 485
414 486
64 487
15 488
61 489
488 490
229 491
51 492
399 493
169 494
231 495
110 496
471 497
329 498
187 499
293 500
6 501
114 502
383 503
90 504
296 505
467 506
409 507
137 508
184 509
4 510
506 511
475 512
129 513
70 514
153 515
329 516
202 517
25 518
426 519
510 520
331 521
469 522
472 523
157 524
201 525
395 526
291 527
372 528
398 529
230 530
337 531
483 532
367 533
209 534
182 535
122 536
468 537
411 538
319 539
468 540
451 541
334 542
525 543
83 544
38 545
357 546
431 547
61 548
352 549
213 550
244 551
329 552
444 553
162 554
252 555
465 556
271 557
291 558
75 559
363 560
464 561
222 562
235 563
84 564
51 565
308 566
250 567
8 568
259 569
513 570
259 571
540 572
410 573
160 574
339 575
197 576
150 577
79 578
91 579
155 580
458 581
73 582
388 583
216 584
17 585
95 586
214 587
68 588
519 589
509 590
441 591
55 592
238 593
96 594
413 595
266 596
42 597
7 598
68 599
234 600
349 601
527 602
108 603
469 604
108 605
299 606
87 607
526 608
401 609
245 610
56 611
291 612
235 613
228 614
124 615
530 616
97 617
278 618
475 619
281 620
291 621
612 622
246 623
538 624
534 625
256 626
283 627
336 628
13 629
350 630
73 631
114 632
387 633
71 634
75 635
410 636
578 637
471 638
431 639
428 640
215 641
296 642
152 643
439 644
39 645
572 646
602 647
32 648
156 649
635 650
145 651
641 652
442 653
386 654
354 655
450 656
170 657
626 658
535 659
472 660
535 661
602 662
119 663
577 664
412 665
156 666
106 667
15 668
371 669
244 670
611 671
302 672
425 673
230 674
527 675
142 676
583 677
622 678
396 679
499 680
114 681
361 682
454 683
197 684
204 685
225 686
188 687
421 688
346 689
543 690
352 691
418 692
140 693
405 694
287 695
415 696
168 697
95 698
497 699
444 700
354 701
291 702
227 703
415 704
453 705
333 706
26 707
290 708
61 709
358 710
407 711
327 712
420 713
557 714
256 715
350 716
174 717
701 718
63 719
285 720
180 721
601 722
508 723
296 724
608 725
710 726
447 727
116 728
287 729
191 730
135 731
486 732
106 733
40 734
519 735
20 736
173 737
70 738
336 739
591 740
467 741
334 742
33 743
48 744
281 745
160 746
214 747
293 748
402 749
599 750
711 751
62 752
218 753
7 754
220 755
444 756
660 757
525 758
639 759
211 760
113 761
38 762
268 763
713 764
64 765
159 766
191 767
767 768
737 769
620 770
57 771
410 772
569 773
457 774
671 775
513 776
601 777
23 778
767 779
562 780
754 781
187 782
326 783
366 784
731 785
383 786
464 787
581 788
486 789
17 790
34 791
231 792
775 793
169 794
237 795
257 796
134 797
275 798
460 799
440 800
703 801
107 802
737 803
474 804
333 805
319 806
712 807
649 808
468 809
170 810
129 811
620 812
618 813
248 814
557 815
242 816
327 817
243 818
598 819
278 820
96 821
440 822
57 823
674 824
344 825
773 826
271 827
582 828
366 829
381 830
124 831
184 832
297 833
798 834
235 835
687 836
673 837
442 838
690 839
788 840
243 841
678 842
160 843
311 844
20 845
798 846
637 847
326 848
686 849
849 850
730 851
418 852
754 853
563 854
552 855
332 856
140 857
826 858
150 859
452 860
823 861
698 862
107 863
112 864
670 865
859 866
326 867
642 868
56 869
25 870
799 871
470 872
29 873
138 874
457 875
35 876
278 877
209 878
280 879
273 880
449 881
110 882
262 883
369 884
206 885
557 886
239 887
219 888
660 889
364 890
50 891
860 892
54 893
799 894
716 895
473 896
542 897
303 898
800 899
831 900
506 901
275 902
437 903
280 904
858 905
362 906
315 907
746 908
591 909
8 910
734 911
139 912
239 913
314 914
224 915
526 916
194 917
176 918
303 919
908 920
766 921
134 922
462 923
668 924
457 925
622 926
156 927
443 928
586 929
290 930
907 931
232 932
891 933
71 934
55 935
213 936
730 937
227 938
616 939
803 940
487 941
912 942
794 943
801 944
488 945
405 946
367 947
852 948
829 949
158 950
883 951
332 952
12 953
825 954
699 955
179 956
471 957
406 958
317 959
323 960
833 961
896 962
798 963
305 964
848 965
522 966
130 967
457 968
134 969
756 970
369 971
659 972
607 973
893 974
209 975
13 976
636 977
794 978
685 979
866 980
880 981
801 982
583 983
98 984
630 985
519 986
337 987
893 988
176 989
883 990
870 991
130 992
803 993
914 994
516 995
508 996
360 997
13 998
258 999
55 1000
