10000 415
7880 8697 4200 4299 1849 1557 4362 3668 6646 4957 5285 1698 1877 2929 8312 9815 449 8991 5315 816 5555 9534 1172 7153 5843 601 8680 596 8315 5690 2909 5540 7961 1381 7554 1989 8493 1071 2327 5580 2596 3253 1822 5715 2268 6578 3888 1977 2995 1927 7711 6972 4616 1918 4962 4564 9791 2999 5664 9484 4736 1083 5356 7127 4041 6270 3039 3467 9976 5683 8458 7536 1041 9964 142 4367 669 9147 9190 3212 8630 675 6791 9771 4905 4686 3645 9034 1069 6730 4628 7471 4012 3389 6858 3830 1530 1546 5525 5867 1389 3123 6261 621 7719 9336 9385 9546 9267 2251 2212 656 1754 6327 6495 8557 4006 1022 6887 3331 3319 1286 42 1112 4430 6411 5269 5807 3833 8660 3316 9970 5181 7476 1672 4788 8079 7651 971 2347 9417 4895 2156 7304 6332 7277 2198 4224 2231 462 2233 5925 9051 5044 6535 8876 8899 8456 5819 970 4093 2067 3807 6996 2106 1304 3157 1729 5560 2180 3681 5109 7364 1547 6300 6407 2360 478 9623 1609 6094 3697 1907 979 7532 915 8361 9843 4021 6225 3440 4901 3231 302 9776 9202 8778 8096 5592 5078 8855 5131 6629 6927 2241 1637 9591 294 8902 9642 2199 592 3469 6375 2671 3333 3243 3074 4125 3298 8942 2606 1303 8015 8028 4858 5210 9452 1236 6709 3684 261 3402 2319 1479 4926 5111 5612 9567 8602 1143 1596 2242 9588 9444 2337 5248 8369 1761 8627 6374 7329 3990 8480 7039 9256 4934 9829 7742 7102 3842 1063 6564 9997 3570 9636 2012 9070 2547 8701 9996 1105 5307 9891 993 4838 9472 1287 9032 4458 8250 101 7346 3747 8815 6262 9994 9736 6383 4593 5982 2113 4205 8672 1260 4447 2130 9171 4948 4725 5938 7918 7216 9767 6832 4674 234 7088 2652 6182 3405 4017 784 5402 1886 9159 7077 2817 1699 4490 6589 5811 1459 8132 7789 8865 2739 2876 482 2655 542 9210 5637 4530 4433 5421 7320 8940 3127 232 5433 9020 1073 7393 30 173 5325 409 2759 4330 5825 1602 8838 6637 4111 2127 6423 9298 2036 838 8348 1332 6938 9951 9360 4491 6588 9045 6934 8833 3339 4034 5257 1080 9068 7745 679 8063 8988 2984 6107 9716 2811 7714 8622 7540 342 5932 7678 9200 5918 5536 6717 3238 6039 5470 5237 2928 106 2124 7643 9450 705 6768 575 6613 8496 3185 2272 5328 2368 3851 3066 4813 5297 
1 2
1 3
2 4
3 5
4 6
6 7
1 8
2 9
6 10
10 11
4 12
2 13
4 14
14 15
3 16
5 17
4 18
7 19
16 20
12 21
15 22
19 23
3 24
14 25
4 26
3 27
5 28
15 29
5 30
8 31
11 32
25 33
9 34
10 35
24 36
23 37
23 38
13 39
18 40
29 41
28 42
24 43
39 44
42 45
18 46
21 47
24 48
46 49
32 50
40 51
48 52
52 53
15 54
31 55
51 56
25 57
54 58
23 59
35 60
58 61
52 62
1 63
59 64
10 65
63 66
7 67
67 68
7 69
27 70
33 71
30 72
56 73
66 74
22 75
5 76
65 77
25 78
22 79
76 80
39 81
41 82
17 83
32 84
72 85
8 86
19 87
84 88
68 89
61 90
31 91
3 92
50 93
58 94
40 95
84 96
28 97
94 98
6 99
20 100
47 101
1 102
49 103
45 104
84 105
39 106
38 107
30 108
13 109
49 110
7 111
43 112
1 113
8 114
42 115
71 116
32 117
58 118
77 119
88 120
120 121
52 122
21 123
30 124
66 125
43 126
87 127
53 128
46 129
4 130
27 131
97 132
75 133
63 134
110 135
83 136
127 137
137 138
132 139
113 140
94 141
10 142
90 143
108 144
42 145
85 146
95 147
34 148
100 149
104 150
149 151
18 152
75 153
145 154
24 155
150 156
127 157
134 158
118 159
135 160
63 161
87 162
115 163
128 164
127 165
149 166
156 167
13 168
163 169
135 170
103 171
111 172
70 173
162 174
38 175
93 176
148 177
31 178
153 179
14 180
60 181
179 182
138 183
20 184
176 185
14 186
147 187
145 188
187 189
12 190
92 191
165 192
82 193
117 194
176 195
180 196
28 197
87 198
171 199
101 200
112 201
43 202
166 203
126 204
27 205
17 206
82 207
74 208
143 209
162 210
47 211
91 212
13 213
48 214
81 215
117 216
60 217
190 218
176 219
74 220
52 221
21 222
154 223
18 224
100 225
83 226
224 227
86 228
101 229
23 230
96 231
16 232
172 233
1 234
187 235
15 236
48 237
90 238
108 239
218 240
89 241
57 242
159 243
170 244
26 245
14 246
196 247
171 248
120 249
195 250
103 251
228 252
89 253
157 254
138 255
99 256
119 257
227 258
113 259
101 260
110 261
92 262
155 263
222 264
105 265
78 266
126 267
186 268
241 269
98 270
14 271
228 272
180 273
199 274
137 275
43 276
16 277
221 278
276 279
48 280
93 281
210 282
184 283
266 284
199 285
254 286
47 287
55 288
9 289
163 290
235 291
19 292
55 293
254 294
237 295
58 296
110 297
262 298
198 299
97 300
186 301
131 302
253 303
93 304
271 305
255 306
296 307
7 308
101 309
64 310
137 311
172 312
146 313
155 314
280 315
133 316
300 317
27 318
2 319
5 320
221 321
129 322
44 323
263 324
261 325
70 326
209 327
80 328
315 329
29 330
245 331
127 332
44 333
262 334
38 335
319 336
10 337
304 338
179 339
272 340
175 341
331 342
339 343
9 344
296 345
258 346
140 347
50 348
58 349
3 350
323 351
42 352
80 353
116 354
135 355
37 356
111 357
49 358
343 359
82 360
136 361
1 362
226 363
228 364
54 365
305 366
271 367
198 368
246 369
279 370
52 371
184 372
41 373
142 374
303 375
209 376
157 377
57 378
232 379
109 380
144 381
86 382
344 383
125 384
196 385
77 386
194 387
280 388
137 389
136 390
335 391
148 392
158 393
346 394
266 395
21 396
188 397
152 398
300 399
383 400
354 401
232 402
296 403
219 404
399 405
134 406
302 407
251 408
107 409
219 410
95 411
104 412
391 413
148 414
183 415
150 416
408 417
335 418
150 419
184 420
224 421
266 422
94 423
329 424
420 425
130 426
296 427
424 428
327 429
176 430
254 431
380 432
222 433
229 434
307 435
151 436
406 437
35 438
175 439
154 440
353 441
404 442
413 443
25 444
33 445
322 446
103 447
86 448
44 449
202 450
208 451
297 452
86 453
234 454
27 455
88 456
266 457
395 458
345 459
364 460
74 461
384 462
310 463
10 464
458 465
78 466
75 467
227 468
277 469
47 470
130 471
293 472
376 473
313 474
72 475
294 476
176 477
73 478
13 479
353 480
128 481
421 482
212 483
447 484
181 485
110 486
310 487
219 488
457 489
99 490
204 491
455 492
81 493
400 494
378 495
36 496
6 497
418 498
17 499
183 500
420 501
367 502
259 503
363 504
286 505
33 506
434 507
274 508
195 509
198 510
255 511
433 512
277 513
372 514
258 515
501 516
460 517
68 518
89 519
306 520
463 521
203 522
214 523
515 524
484 525
236 526
250 527
221 528
419 529
328 530
226 531
26 532
131 533
370 534
520 535
254 536
501 537
300 538
205 539
157 540
527 541
219 542
404 543
507 544
202 545
276 546
433 547
146 548
460 549
176 550
314 551
272 552
310 553
508 554
377 555
293 556
211 557
156 558
325 559
428 560
80 561
12 562
160 563
156 564
543 565
215 566
130 567
528 568
436 569
278 570
73 571
469 572
10 573
400 574
487 575
347 576
383 577
415 578
555 579
263 580
467 581
318 582
458 583
510 584
70 585
367 586
83 587
25 588
343 589
40 590
438 591
439 592
589 593
592 594
449 595
46 596
442 597
593 598
72 599
340 600
531 601
314 602
99 603
276 604
502 605
345 606
190 607
276 608
532 609
111 610
424 611
211 612
103 613
421 614
490 615
457 616
333 617
146 618
473 619
158 620
23 621
181 622
393 623
241 624
587 625
397 626
40 627
485 628
422 629
145 630
542 631
276 632
219 633
126 634
21 635
266 636
534 637
378 638
131 639
498 640
362 641
99 642
4 643
574 644
160 645
527 646
449 647
456 648
405 649
276 650
612 651
176 652
367 653
280 654
380 655
479 656
89 657
576 658
538 659
633 660
167 661
210 662
94 663
271 664
99 665
44 666
233 667
604 668
611 669
669 670
192 671
613 672
384 673
171 674
309 675
106 676
232 677
380 678
211 679
307 680
213 681
457 682
614 683
268 684
432 685
530 686
150 687
110 688
551 689
237 690
446 691
494 692
195 693
495 694
463 695
465 696
619 697
83 698
42 699
130 700
59 701
660 702
666 703
194 704
150 705
457 706
673 707
89 708
137 709
324 710
130 711
32 712
653 713
6 714
599 715
54 716
25 717
85 718
56 719
456 720
549 721
602 722
149 723
423 724
588 725
625 726
170 727
299 728
315 729
427 730
231 731
425 732
288 733
299 734
262 735
535 736
236 737
49 738
725 739
404 740
462 741
578 742
631 743
210 744
533 745
479 746
594 747
692 748
526 749
735 750
266 751
38 752
292 753
328 754
734 755
49 756
209 757
53 758
439 759
65 760
228 761
194 762
520 763
454 764
473 765
564 766
470 767
454 768
195 769
368 770
535 771
572 772
419 773
266 774
188 775
506 776
678 777
535 778
44 779
632 780
419 781
741 782
94 783
390 784
610 785
175 786
704 787
10 788
14 789
579 790
199 791
567 792
629 793
392 794
140 795
535 796
239 797
67 798
565 799
550 800
154 801
259 802
486 803
680 804
264 805
517 806
240 807
387 808
767 809
24 810
753 811
561 812
68 813
614 814
331 815
428 816
769 817
553 818
577 819
293 820
56 821
445 822
150 823
446 824
438 825
146 826
666 827
56 828
296 829
778 830
742 831
388 832
625 833
368 834
269 835
734 836
406 837
127 838
446 839
543 840
264 841
560 842
17 843
460 844
722 845
672 846
810 847
584 848
193 849
258 850
818 851
89 852
578 853
833 854
42 855
702 856
839 857
709 858
646 859
284 860
518 861
405 862
75 863
547 864
488 865
697 866
242 867
573 868
232 869
730 870
240 871
348 872
794 873
738 874
573 875
346 876
464 877
136 878
617 879
197 880
128 881
475 882
485 883
844 884
800 885
552 886
359 887
541 888
73 889
528 890
466 891
247 892
140 893
601 894
484 895
753 896
288 897
12 898
139 899
437 900
130 901
692 902
520 903
798 904
83 905
735 906
673 907
798 908
806 909
748 910
104 911
731 912
768 913
623 914
902 915
148 916
482 917
598 918
11 919
266 920
298 921
599 922
682 923
588 924
186 925
406 926
332 927
121 928
888 929
884 930
596 931
37 932
844 933
452 934
115 935
269 936
821 937
833 938
810 939
509 940
133 941
113 942
400 943
679 944
432 945
249 946
22 947
841 948
601 949
640 950
222 951
21 952
652 953
744 954
385 955
441 956
901 957
682 958
377 959
768 960
464 961
684 962
546 963
256 964
919 965
287 966
30 967
913 968
880 969
616 970
913 971
401 972
967 973
629 974
562 975
15 976
496 977
331 978
554 979
46 980
111 981
391 982
263 983
873 984
167 985
155 986
224 987
598 988
60 989
855 990
559 991
30 992
904 993
668 994
286 995
61 996
238 997
523 998
113 999
661 1000
354 1001
973 1002
998 1003
512 1004
630 1005
692 1006
486 1007
95 1008
337 1009
987 1010
366 1011
589 1012
319 1013
548 1014
896 1015
327 1016
177 1017
712 1018
595 1019
505 1020
223 1021
971 1022
504 1023
805 1024
129 1025
282 1026
807 1027
108 1028
453 1029
643 1030
582 1031
799 1032
693 1033
897 1034
585 1035
984 1036
798 1037
661 1038
134 1039
1024 1040
226 1041
698 1042
908 1043
149 1044
214 1045
853 1046
893 1047
134 1048
884 1049
666 1050
1 1051
716 1052
930 1053
1000 1054
830 1055
459 1056
858 1057
871 1058
759 1059
136 1060
821 1061
48 1062
1014 1063
662 1064
656 1065
749 1066
1025 1067
198 1068
569 1069
170 1070
473 1071
737 1072
291 1073
657 1074
201 1075
436 1076
993 1077
166 1078
673 1079
810 1080
687 1081
795 1082
418 1083
468 1084
818 1085
846 1086
507 1087
220 1088
1011 1089
80 1090
658 1091
469 1092
8 1093
894 1094
705 1095
1040 1096
787 1097
1016 1098
957 1099
797 1100
17 1101
596 1102
612 1103
486 1104
36 1105
776 1106
672 1107
135 1108
457 1109
565 1110
827 1111
397 1112
123 1113
798 1114
228 1115
763 1116
426 1117
895 1118
232 1119
1000 1120
749 1121
1080 1122
997 1123
513 1124
224 1125
1076 1126
723 1127
405 1128
1086 1129
414 1130
829 1131
1100 1132
1105 1133
280 1134
983 1135
165 1136
421 1137
328 1138
667 1139
783 1140
577 1141
1047 1142
431 1143
82 1144
750 1145
281 1146
139 1147
791 1148
530 1149
611 1150
269 1151
504 1152
870 1153
325 1154
1016 1155
797 1156
760 1157
897 1158
76 1159
1025 1160
674 1161
830 1162
959 1163
418 1164
861 1165
825 1166
640 1167
1107 1168
903 1169
91 1170
254 1171
748 1172
782 1173
1039 1174
86 1175
712 1176
450 1177
448 1178
807 1179
612 1180
866 1181
963 1182
697 1183
464 1184
192 1185
619 1186
934 1187
832 1188
1113 1189
958 1190
1062 1191
528 1192
566 1193
57 1194
800 1195
425 1196
614 1197
400 1198
614 1199
78 1200
777 1201
958 1202
634 1203
82 1204
406 1205
687 1206
1004 1207
1124 1208
462 1209
309 1210
276 1211
137 1212
691 1213
812 1214
1138 1215
412 1216
282 1217
677 1218
854 1219
571 1220
533 1221
20 1222
659 1223
602 1224
490 1225
179 1226
1213 1227
143 1228
1146 1229
773 1230
474 1231
724 1232
523 1233
26 1234
316 1235
81 1236
1031 1237
818 1238
47 1239
1039 1240
1138 1241
1215 1242
647 1243
1206 1244
940 1245
1071 1246
1204 1247
1061 1248
213 1249
614 1250
1132 1251
567 1252
982 1253
718 1254
630 1255
634 1256
559 1257
705 1258
1148 1259
850 1260
395 1261
64 1262
2 1263
1155 1264
750 1265
33 1266
64 1267
169 1268
1048 1269
213 1270
76 1271
517 1272
263 1273
376 1274
220 1275
248 1276
933 1277
469 1278
843 1279
1091 1280
79 1281
854 1282
482 1283
37 1284
952 1285
502 1286
920 1287
384 1288
987 1289
742 1290
1273 1291
458 1292
749 1293
1283 1294
1294 1295
1188 1296
945 1297
1094 1298
31 1299
898 1300
393 1301
410 1302
136 1303
371 1304
988 1305
604 1306
513 1307
541 1308
670 1309
235 1310
951 1311
106 1312
618 1313
462 1314
480 1315
385 1316
37 1317
1278 1318
205 1319
394 1320
896 1321
178 1322
25 1323
1238 1324
962 1325
449 1326
507 1327
1286 1328
644 1329
484 1330
845 1331
392 1332
443 1333
175 1334
953 1335
558 1336
1129 1337
311 1338
1091 1339
167 1340
856 1341
1022 1342
738 1343
633 1344
389 1345
890 1346
705 1347
1076 1348
103 1349
1167 1350
949 1351
1131 1352
1350 1353
380 1354
9 1355
245 1356
1172 1357
1315 1358
662 1359
703 1360
1335 1361
320 1362
340 1363
1250 1364
1049 1365
83 1366
707 1367
179 1368
310 1369
1071 1370
713 1371
400 1372
1346 1373
480 1374
1273 1375
1278 1376
33 1377
408 1378
1088 1379
571 1380
437 1381
177 1382
977 1383
737 1384
675 1385
1306 1386
1065 1387
1080 1388
214 1389
213 1390
411 1391
878 1392
154 1393
872 1394
1209 1395
1271 1396
1363 1397
1361 1398
586 1399
1076 1400
12 1401
963 1402
707 1403
759 1404
160 1405
1114 1406
1210 1407
1350 1408
316 1409
1163 1410
1264 1411
429 1412
515 1413
938 1414
1255 1415
306 1416
1345 1417
720 1418
477 1419
1360 1420
352 1421
81 1422
664 1423
541 1424
782 1425
841 1426
1005 1427
889 1428
289 1429
325 1430
102 1431
1136 1432
346 1433
1112 1434
1012 1435
1206 1436
66 1437
317 1438
120 1439
1407 1440
856 1441
717 1442
455 1443
1092 1444
449 1445
855 1446
94 1447
110 1448
1415 1449
950 1450
982 1451
184 1452
135 1453
766 1454
416 1455
389 1456
1186 1457
358 1458
712 1459
1312 1460
1335 1461
1058 1462
1241 1463
773 1464
432 1465
1252 1466
1211 1467
133 1468
301 1469
1133 1470
663 1471
1049 1472
436 1473
150 1474
237 1475
257 1476
32 1477
562 1478
529 1479
1098 1480
1333 1481
59 1482
694 1483
936 1484
365 1485
1089 1486
966 1487
790 1488
887 1489
647 1490
1384 1491
1238 1492
1350 1493
73 1494
408 1495
1078 1496
1150 1497
572 1498
319 1499
764 1500
392 1501
511 1502
393 1503
86 1504
497 1505
1315 1506
687 1507
440 1508
7 1509
601 1510
8 1511
63 1512
1483 1513
159 1514
740 1515
17 1516
56 1517
1075 1518
1136 1519
280 1520
267 1521
1073 1522
1119 1523
1118 1524
889 1525
1170 1526
959 1527
1244 1528
581 1529
641 1530
243 1531
1096 1532
831 1533
484 1534
1352 1535
1224 1536
1069 1537
1341 1538
737 1539
287 1540
1150 1541
1447 1542
945 1543
1116 1544
682 1545
273 1546
997 1547
1379 1548
892 1549
884 1550
1232 1551
1340 1552
128 1553
275 1554
905 1555
487 1556
465 1557
578 1558
810 1559
69 1560
500 1561
46 1562
408 1563
1363 1564
90 1565
1346 1566
1326 1567
1150 1568
74 1569
720 1570
1514 1571
1542 1572
297 1573
644 1574
355 1575
969 1576
849 1577
135 1578
1117 1579
1509 1580
663 1581
634 1582
1565 1583
1474 1584
149 1585
836 1586
644 1587
488 1588
80 1589
1180 1590
442 1591
1059 1592
1579 1593
60 1594
540 1595
799 1596
834 1597
665 1598
931 1599
802 1600
231 1601
119 1602
415 1603
951 1604
1101 1605
1001 1606
994 1607
634 1608
1072 1609
999 1610
436 1611
337 1612
891 1613
393 1614
940 1615
487 1616
970 1617
1239 1618
1614 1619
210 1620
1232 1621
1530 1622
370 1623
1049 1624
122 1625
592 1626
296 1627
70 1628
1114 1629
782 1630
694 1631
1462 1632
1125 1633
1317 1634
924 1635
137 1636
893 1637
1480 1638
1137 1639
1087 1640
128 1641
1218 1642
70 1643
1482 1644
251 1645
340 1646
893 1647
1352 1648
496 1649
953 1650
410 1651
175 1652
928 1653
218 1654
1044 1655
965 1656
538 1657
1463 1658
334 1659
209 1660
470 1661
76 1662
35 1663
1129 1664
419 1665
626 1666
493 1667
156 1668
385 1669
1307 1670
505 1671
413 1672
791 1673
1030 1674
1057 1675
1414 1676
139 1677
370 1678
1102 1679
275 1680
1525 1681
1671 1682
1599 1683
787 1684
620 1685
1187 1686
25 1687
708 1688
449 1689
872 1690
755 1691
438 1692
822 1693
1109 1694
515 1695
203 1696
1536 1697
49 1698
532 1699
270 1700
1262 1701
611 1702
1343 1703
601 1704
1367 1705
832 1706
119 1707
734 1708
467 1709
1080 1710
86 1711
1056 1712
331 1713
793 1714
219 1715
670 1716
185 1717
1379 1718
303 1719
1612 1720
1393 1721
1019 1722
91 1723
81 1724
691 1725
1716 1726
1028 1727
17 1728
415 1729
1352 1730
946 1731
978 1732
142 1733
1648 1734
1570 1735
1504 1736
136 1737
456 1738
1176 1739
1377 1740
1076 1741
497 1742
142 1743
400 1744
258 1745
295 1746
431 1747
396 1748
630 1749
1550 1750
1444 1751
438 1752
746 1753
337 1754
148 1755
592 1756
772 1757
483 1758
424 1759
1242 1760
765 1761
651 1762
958 1763
545 1764
1403 1765
999 1766
1371 1767
897 1768
112 1769
1408 1770
1675 1771
428 1772
565 1773
1645 1774
1712 1775
1706 1776
1032 1777
436 1778
641 1779
1230 1780
151 1781
1732 1782
543 1783
1151 1784
114 1785
1428 1786
344 1787
1685 1788
309 1789
782 1790
839 1791
1147 1792
1308 1793
137 1794
656 1795
283 1796
1680 1797
1308 1798
1077 1799
975 1800
681 1801
462 1802
1095 1803
1005 1804
62 1805
1005 1806
1776 1807
154 1808
895 1809
1220 1810
9 1811
289 1812
348 1813
909 1814
809 1815
76 1816
1547 1817
1253 1818
531 1819
783 1820
682 1821
1468 1822
585 1823
1578 1824
570 1825
574 1826
871 1827
190 1828
946 1829
29 1830
1316 1831
466 1832
1730 1833
556 1834
442 1835
190 1836
1300 1837
580 1838
1117 1839
1456 1840
1430 1841
1263 1842
76 1843
1649 1844
1058 1845
926 1846
73 1847
1011 1848
252 1849
1225 1850
1639 1851
1208 1852
1304 1853
611 1854
38 1855
274 1856
1498 1857
767 1858
550 1859
829 1860
127 1861
1806 1862
1514 1863
398 1864
43 1865
1687 1866
78 1867
411 1868
1550 1869
1666 1870
1000 1871
1367 1872
637 1873
1826 1874
1105 1875
870 1876
499 1877
362 1878
1711 1879
1119 1880
1662 1881
1027 1882
463 1883
320 1884
1730 1885
1278 1886
111 1887
1588 1888
1017 1889
724 1890
493 1891
1352 1892
621 1893
41 1894
1726 1895
1688 1896
300 1897
1024 1898
1094 1899
1345 1900
1680 1901
607 1902
1137 1903
407 1904
1669 1905
856 1906
766 1907
1158 1908
1489 1909
1640 1910
1879 1911
154 1912
143 1913
1513 1914
1257 1915
923 1916
1004 1917
785 1918
972 1919
1065 1920
281 1921
632 1922
1326 1923
980 1924
1300 1925
1548 1926
974 1927
51 1928
1446 1929
1013 1930
885 1931
187 1932
274 1933
913 1934
198 1935
1591 1936
749 1937
110 1938
1089 1939
370 1940
252 1941
776 1942
1627 1943
327 1944
761 1945
709 1946
1507 1947
1445 1948
514 1949
1575 1950
1312 1951
962 1952
1945 1953
439 1954
1386 1955
868 1956
442 1957
1521 1958
1949 1959
369 1960
440 1961
281 1962
545 1963
1755 1964
756 1965
1031 1966
500 1967
1754 1968
1749 1969
1840 1970
1527 1971
1944 1972
998 1973
472 1974
1398 1975
1477 1976
1499 1977
1968 1978
1546 1979
87 1980
1245 1981
171 1982
1563 1983
964 1984
1689 1985
620 1986
1323 1987
291 1988
529 1989
1621 1990
818 1991
1159 1992
426 1993
1697 1994
468 1995
1648 1996
1867 1997
1132 1998
8 1999
860 2000
605 2001
1952 2002
1245 2003
1991 2004
1665 2005
59 2006
1993 2007
1222 2008
1389 2009
1582 2010
671 2011
122 2012
1748 2013
876 2014
957 2015
1704 2016
537 2017
1352 2018
1181 2019
1198 2020
1432 2021
695 2022
1461 2023
305 2024
1117 2025
1633 2026
755 2027
1129 2028
6 2029
1064 2030
1694 2031
1918 2032
229 2033
1676 2034
1553 2035
1765 2036
1224 2037
983 2038
1868 2039
1931 2040
624 2041
279 2042
308 2043
1866 2044
1075 2045
1372 2046
938 2047
38 2048
1050 2049
741 2050
312 2051
682 2052
1011 2053
1441 2054
1362 2055
903 2056
1551 2057
1996 2058
1606 2059
1546 2060
701 2061
1167 2062
1864 2063
958 2064
254 2065
1674 2066
709 2067
1130 2068
1163 2069
1773 2070
611 2071
1464 2072
2059 2073
354 2074
86 2075
1295 2076
646 2077
1311 2078
458 2079
869 2080
1883 2081
93 2082
1682 2083
739 2084
1110 2085
1258 2086
1794 2087
995 2088
1786 2089
567 2090
652 2091
1843 2092
1329 2093
1293 2094
1907 2095
1016 2096
1415 2097
1871 2098
1256 2099
219 2100
955 2101
1287 2102
1881 2103
171 2104
1678 2105
1863 2106
1903 2107
263 2108
1602 2109
612 2110
1755 2111
461 2112
1308 2113
1963 2114
1821 2115
1288 2116
414 2117
325 2118
176 2119
870 2120
2102 2121
79 2122
126 2123
216 2124
1493 2125
1528 2126
1698 2127
874 2128
688 2129
182 2130
1283 2131
47 2132
1875 2133
1673 2134
389 2135
1619 2136
1081 2137
931 2138
217 2139
457 2140
1570 2141
835 2142
1644 2143
1964 2144
29 2145
2025 2146
1190 2147
103 2148
622 2149
1556 2150
1714 2151
801 2152
1793 2153
1026 2154
2152 2155
786 2156
217 2157
1082 2158
9 2159
842 2160
314 2161
376 2162
466 2163
1732 2164
1691 2165
742 2166
625 2167
2145 2168
2109 2169
1124 2170
1646 2171
1329 2172
1094 2173
540 2174
159 2175
1528 2176
2079 2177
1490 2178
1647 2179
819 2180
534 2181
1657 2182
1084 2183
1003 2184
1381 2185
1788 2186
2066 2187
1082 2188
573 2189
993 2190
1892 2191
583 2192
36 2193
1018 2194
1514 2195
388 2196
1267 2197
1228 2198
1858 2199
1594 2200
97 2201
213 2202
1332 2203
2155 2204
2006 2205
896 2206
805 2207
729 2208
2049 2209
1787 2210
983 2211
1657 2212
322 2213
199 2214
2200 2215
1731 2216
857 2217
739 2218
355 2219
984 2220
173 2221
1598 2222
96 2223
1665 2224
1422 2225
1454 2226
2039 2227
425 2228
1680 2229
1351 2230
34 2231
1838 2232
541 2233
677 2234
1273 2235
1672 2236
1555 2237
1322 2238
342 2239
1713 2240
1315 2241
882 2242
1723 2243
1581 2244
1179 2245
1584 2246
1973 2247
42 2248
1861 2249
632 2250
776 2251
547 2252
1426 2253
326 2254
354 2255
89 2256
664 2257
1116 2258
629 2259
162 2260
237 2261
243 2262
1467 2263
1373 2264
1489 2265
1685 2266
188 2267
1610 2268
96 2269
2084 2270
210 2271
665 2272
613 2273
2205 2274
549 2275
2164 2276
1368 2277
426 2278
2040 2279
1549 2280
129 2281
524 2282
1717 2283
538 2284
1451 2285
1004 2286
1270 2287
2148 2288
1459 2289
957 2290
697 2291
1801 2292
1622 2293
19 2294
1715 2295
89 2296
1734 2297
2099 2298
637 2299
8 2300
1541 2301
2158 2302
1091 2303
1387 2304
40 2305
2091 2306
7 2307
2078 2308
605 2309
128 2310
1784 2311
864 2312
862 2313
670 2314
482 2315
111 2316
420 2317
1722 2318
1532 2319
448 2320
1165 2321
856 2322
1130 2323
465 2324
1231 2325
561 2326
1928 2327
33 2328
907 2329
1042 2330
259 2331
860 2332
1894 2333
2301 2334
629 2335
36 2336
1547 2337
1902 2338
344 2339
957 2340
1407 2341
846 2342
1817 2343
734 2344
43 2345
159 2346
1564 2347
2025 2348
2306 2349
37 2350
2123 2351
1507 2352
728 2353
2055 2354
314 2355
152 2356
784 2357
1517 2358
340 2359
599 2360
1096 2361
1449 2362
790 2363
511 2364
708 2365
1528 2366
936 2367
841 2368
1390 2369
1724 2370
638 2371
2324 2372
324 2373
1567 2374
699 2375
1632 2376
1552 2377
1101 2378
688 2379
2033 2380
660 2381
1047 2382
1542 2383
513 2384
1076 2385
1205 2386
1103 2387
1132 2388
874 2389
2054 2390
1216 2391
538 2392
1861 2393
892 2394
1396 2395
1722 2396
57 2397
913 2398
1973 2399
1399 2400
49 2401
76 2402
521 2403
1078 2404
678 2405
340 2406
1225 2407
447 2408
2190 2409
1663 2410
1768 2411
1166 2412
2138 2413
1509 2414
2365 2415
228 2416
671 2417
22 2418
649 2419
165 2420
928 2421
2053 2422
1352 2423
978 2424
1251 2425
829 2426
406 2427
4 2428
268 2429
1832 2430
2342 2431
636 2432
1461 2433
2246 2434
1083 2435
184 2436
1048 2437
1993 2438
1297 2439
362 2440
2411 2441
896 2442
1288 2443
1483 2444
1520 2445
2135 2446
2138 2447
1963 2448
923 2449
1950 2450
180 2451
453 2452
235 2453
1780 2454
1574 2455
123 2456
1104 2457
1108 2458
1793 2459
1835 2460
2006 2461
2458 2462
1968 2463
422 2464
345 2465
1401 2466
484 2467
747 2468
7 2469
2268 2470
1308 2471
1091 2472
1817 2473
869 2474
869 2475
1292 2476
2422 2477
1240 2478
1712 2479
1159 2480
471 2481
1482 2482
980 2483
803 2484
1137 2485
394 2486
1241 2487
1186 2488
2430 2489
363 2490
1818 2491
318 2492
2025 2493
1522 2494
2191 2495
976 2496
1085 2497
1583 2498
2158 2499
1622 2500
138 2501
176 2502
385 2503
376 2504
1552 2505
39 2506
990 2507
2171 2508
417 2509
2018 2510
850 2511
1528 2512
2275 2513
477 2514
948 2515
1551 2516
2232 2517
833 2518
2234 2519
347 2520
1925 2521
292 2522
1029 2523
2421 2524
523 2525
2483 2526
254 2527
2282 2528
1857 2529
2259 2530
1164 2531
1132 2532
1420 2533
1742 2534
674 2535
524 2536
1486 2537
1857 2538
2039 2539
70 2540
2184 2541
1448 2542
200 2543
2424 2544
496 2545
400 2546
32 2547
1500 2548
619 2549
1959 2550
2321 2551
330 2552
1715 2553
2284 2554
558 2555
633 2556
1203 2557
1544 2558
990 2559
1244 2560
1606 2561
1118 2562
1472 2563
661 2564
1032 2565
116 2566
11 2567
2398 2568
2517 2569
206 2570
612 2571
111 2572
1663 2573
1047 2574
656 2575
1585 2576
1324 2577
2125 2578
318 2579
1922 2580
1998 2581
1464 2582
1010 2583
1401 2584
1762 2585
608 2586
2333 2587
1462 2588
402 2589
2267 2590
2548 2591
2579 2592
651 2593
2103 2594
1085 2595
762 2596
1607 2597
320 2598
1693 2599
515 2600
76 2601
1861 2602
1896 2603
74 2604
1971 2605
1947 2606
1667 2607
901 2608
730 2609
2475 2610
2007 2611
1459 2612
2310 2613
1524 2614
850 2615
1880 2616
1321 2617
326 2618
1669 2619
2599 2620
1718 2621
2165 2622
2525 2623
2047 2624
1360 2625
2398 2626
512 2627
1245 2628
51 2629
515 2630
1431 2631
141 2632
2275 2633
135 2634
588 2635
2610 2636
86 2637
215 2638
2364 2639
690 2640
823 2641
2178 2642
368 2643
2510 2644
2310 2645
40 2646
1016 2647
588 2648
297 2649
1258 2650
2363 2651
2270 2652
33 2653
1730 2654
1420 2655
941 2656
182 2657
2046 2658
2637 2659
214 2660
2619 2661
879 2662
665 2663
881 2664
802 2665
2208 2666
2512 2667
2081 2668
498 2669
1677 2670
2497 2671
819 2672
388 2673
1082 2674
2055 2675
2432 2676
2634 2677
1378 2678
1592 2679
185 2680
1848 2681
2261 2682
539 2683
538 2684
2082 2685
882 2686
205 2687
1349 2688
859 2689
1247 2690
14 2691
399 2692
1075 2693
2566 2694
2219 2695
1812 2696
1970 2697
2104 2698
376 2699
2524 2700
1823 2701
165 2702
919 2703
575 2704
1442 2705
2580 2706
2634 2707
1340 2708
2462 2709
1554 2710
31 2711
1954 2712
552 2713
141 2714
886 2715
515 2716
206 2717
241 2718
2181 2719
427 2720
1793 2721
464 2722
512 2723
1674 2724
395 2725
2183 2726
1556 2727
2392 2728
1186 2729
268 2730
1857 2731
587 2732
1207 2733
2393 2734
82 2735
1351 2736
896 2737
38 2738
1844 2739
889 2740
511 2741
2567 2742
379 2743
2596 2744
1576 2745
146 2746
2346 2747
389 2748
2 2749
2012 2750
1855 2751
563 2752
551 2753
1451 2754
2255 2755
1939 2756
2512 2757
1022 2758
2262 2759
572 2760
1362 2761
1998 2762
2541 2763
712 2764
996 2765
1021 2766
1914 2767
1390 2768
686 2769
2352 2770
812 2771
1612 2772
1959 2773
1258 2774
2532 2775
280 2776
200 2777
1071 2778
1015 2779
938 2780
3 2781
9 2782
657 2783
922 2784
174 2785
92 2786
497 2787
728 2788
253 2789
150 2790
305 2791
864 2792
1395 2793
1769 2794
2187 2795
2685 2796
753 2797
1224 2798
1896 2799
532 2800
93 2801
46 2802
38 2803
1216 2804
2552 2805
1803 2806
906 2807
2341 2808
1561 2809
387 2810
1541 2811
2795 2812
1796 2813
1518 2814
55 2815
2565 2816
116 2817
1888 2818
2160 2819
614 2820
2710 2821
1898 2822
2569 2823
1482 2824
1739 2825
1539 2826
1672 2827
1503 2828
2338 2829
525 2830
1199 2831
1719 2832
668 2833
2172 2834
1958 2835
812 2836
2826 2837
1192 2838
367 2839
307 2840
2242 2841
861 2842
1562 2843
1532 2844
1838 2845
214 2846
1919 2847
157 2848
763 2849
2486 2850
1364 2851
1849 2852
703 2853
899 2854
992 2855
49 2856
948 2857
2112 2858
1289 2859
1687 2860
1908 2861
655 2862
1259 2863
2361 2864
203 2865
1570 2866
1665 2867
2301 2868
87 2869
2575 2870
1007 2871
2042 2872
1683 2873
589 2874
2816 2875
465 2876
1079 2877
2120 2878
1796 2879
790 2880
1410 2881
1657 2882
1425 2883
862 2884
1361 2885
461 2886
2878 2887
2744 2888
2782 2889
703 2890
1633 2891
519 2892
2705 2893
519 2894
402 2895
2400 2896
2570 2897
1820 2898
1020 2899
2189 2900
1421 2901
1072 2902
829 2903
1375 2904
1028 2905
2408 2906
2732 2907
2851 2908
1421 2909
70 2910
909 2911
727 2912
2154 2913
1650 2914
2594 2915
1566 2916
2087 2917
2391 2918
1940 2919
875 2920
535 2921
2264 2922
337 2923
273 2924
403 2925
2916 2926
1353 2927
2702 2928
345 2929
140 2930
2195 2931
187 2932
2115 2933
2864 2934
1371 2935
2036 2936
2846 2937
2146 2938
216 2939
557 2940
795 2941
1176 2942
8 2943
824 2944
1041 2945
2428 2946
1487 2947
2297 2948
1753 2949
483 2950
1129 2951
1368 2952
2113 2953
1412 2954
2228 2955
2371 2956
174 2957
789 2958
2683 2959
901 2960
1049 2961
1222 2962
43 2963
2739 2964
825 2965
1868 2966
307 2967
2953 2968
1488 2969
1509 2970
1561 2971
2478 2972
798 2973
1772 2974
2848 2975
118 2976
1305 2977
1032 2978
2265 2979
2676 2980
1964 2981
1605 2982
557 2983
2366 2984
299 2985
2349 2986
2104 2987
403 2988
2456 2989
1811 2990
1554 2991
1286 2992
2985 2993
1586 2994
1564 2995
292 2996
1552 2997
2355 2998
988 2999
165 3000
202 3001
241 3002
1325 3003
2633 3004
2384 3005
2189 3006
1624 3007
2885 3008
417 3009
1359 3010
971 3011
407 3012
2878 3013
1183 3014
718 3015
2623 3016
1669 3017
2237 3018
311 3019
2408 3020
1835 3021
2719 3022
2520 3023
2728 3024
1754 3025
1759 3026
1374 3027
2482 3028
2943 3029
2840 3030
2079 3031
2596 3032
2684 3033
941 3034
104 3035
1106 3036
1991 3037
353 3038
1508 3039
968 3040
1162 3041
2161 3042
1813 3043
1737 3044
161 3045
584 3046
293 3047
229 3048
2735 3049
2148 3050
2616 3051
2526 3052
814 3053
1793 3054
2612 3055
92 3056
698 3057
1958 3058
908 3059
925 3060
1182 3061
1544 3062
1092 3063
1547 3064
2751 3065
691 3066
1483 3067
389 3068
2550 3069
891 3070
288 3071
1397 3072
1202 3073
2503 3074
1729 3075
453 3076
1404 3077
1289 3078
1524 3079
2535 3080
722 3081
7 3082
2656 3083
748 3084
901 3085
588 3086
839 3087
2128 3088
2827 3089
49 3090
1749 3091
254 3092
405 3093
1224 3094
2334 3095
941 3096
1194 3097
719 3098
41 3099
1630 3100
1482 3101
2105 3102
2948 3103
281 3104
507 3105
2025 3106
1901 3107
459 3108
2412 3109
2613 3110
76 3111
128 3112
2821 3113
3079 3114
1367 3115
553 3116
2189 3117
3010 3118
3049 3119
2196 3120
1116 3121
250 3122
1505 3123
1842 3124
2597 3125
3034 3126
1043 3127
2868 3128
349 3129
3077 3130
1331 3131
859 3132
1301 3133
2407 3134
2265 3135
392 3136
772 3137
1206 3138
792 3139
959 3140
652 3141
1957 3142
3068 3143
2338 3144
2400 3145
2202 3146
109 3147
1437 3148
744 3149
2556 3150
1956 3151
3053 3152
413 3153
1326 3154
1310 3155
1581 3156
212 3157
2500 3158
1361 3159
1427 3160
1696 3161
1139 3162
2677 3163
2975 3164
1829 3165
493 3166
472 3167
2372 3168
2958 3169
523 3170
1157 3171
2319 3172
2347 3173
453 3174
1164 3175
291 3176
884 3177
2523 3178
3003 3179
337 3180
2860 3181
2355 3182
673 3183
2825 3184
2063 3185
1487 3186
2875 3187
2864 3188
1845 3189
2652 3190
1613 3191
1350 3192
1708 3193
719 3194
2303 3195
1559 3196
2917 3197
3070 3198
477 3199
681 3200
1495 3201
1886 3202
1733 3203
1586 3204
1356 3205
1244 3206
2962 3207
90 3208
2207 3209
2380 3210
846 3211
2825 3212
184 3213
1286 3214
1619 3215
1132 3216
752 3217
2206 3218
2623 3219
62 3220
2789 3221
2084 3222
2774 3223
1029 3224
1063 3225
3133 3226
2499 3227
1066 3228
1806 3229
2944 3230
2245 3231
3010 3232
193 3233
2198 3234
450 3235
1018 3236
600 3237
2163 3238
831 3239
1869 3240
2915 3241
2204 3242
2922 3243
1627 3244
2081 3245
628 3246
1342 3247
775 3248
850 3249
3219 3250
768 3251
1781 3252
89 3253
3227 3254
117 3255
1889 3256
411 3257
2855 3258
1138 3259
2050 3260
2474 3261
1918 3262
1439 3263
61 3264
940 3265
3210 3266
580 3267
3009 3268
1321 3269
855 3270
953 3271
1788 3272
2968 3273
1326 3274
121 3275
740 3276
2674 3277
273 3278
2474 3279
2105 3280
181 3281
848 3282
306 3283
2617 3284
82 3285
148 3286
811 3287
1951 3288
1240 3289
390 3290
721 3291
571 3292
315 3293
1549 3294
1071 3295
2149 3296
1398 3297
291 3298
2586 3299
1821 3300
2050 3301
1712 3302
1405 3303
911 3304
732 3305
377 3306
716 3307
2430 3308
891 3309
2225 3310
2516 3311
2778 3312
695 3313
1441 3314
421 3315
2577 3316
2295 3317
2412 3318
837 3319
792 3320
2276 3321
1677 3322
692 3323
2555 3324
1628 3325
715 3326
3137 3327
2084 3328
1 3329
2099 3330
1004 3331
3233 3332
575 3333
2902 3334
1308 3335
2546 3336
769 3337
2959 3338
3225 3339
2830 3340
1388 3341
2285 3342
557 3343
2779 3344
3098 3345
2277 3346
2821 3347
626 3348
1505 3349
2039 3350
2812 3351
2904 3352
313 3353
1743 3354
2306 3355
480 3356
458 3357
2136 3358
1107 3359
1036 3360
203 3361
1125 3362
2075 3363
2428 3364
1120 3365
2355 3366
3239 3367
2484 3368
2686 3369
746 3370
645 3371
2468 3372
1573 3373
2870 3374
1235 3375
1265 3376
1501 3377
523 3378
1350 3379
1563 3380
382 3381
828 3382
2112 3383
564 3384
758 3385
1848 3386
2305 3387
1971 3388
2195 3389
2249 3390
406 3391
1372 3392
2903 3393
732 3394
3326 3395
2761 3396
1114 3397
421 3398
9 3399
3375 3400
1131 3401
3040 3402
2283 3403
758 3404
2263 3405
975 3406
1646 3407
1156 3408
1920 3409
1614 3410
1299 3411
677 3412
2708 3413
2482 3414
1430 3415
3381 3416
1100 3417
1559 3418
541 3419
771 3420
421 3421
905 3422
2521 3423
1922 3424
1058 3425
1001 3426
2467 3427
1953 3428
3100 3429
353 3430
491 3431
2012 3432
1592 3433
147 3434
2101 3435
3304 3436
2197 3437
394 3438
2085 3439
3092 3440
2004 3441
2068 3442
2290 3443
899 3444
550 3445
3174 3446
612 3447
141 3448
2113 3449
3208 3450
3252 3451
3410 3452
1027 3453
3242 3454
1912 3455
3174 3456
430 3457
200 3458
1080 3459
2974 3460
1690 3461
3087 3462
2262 3463
615 3464
758 3465
891 3466
505 3467
2303 3468
2543 3469
1035 3470
1841 3471
1360 3472
3224 3473
733 3474
1369 3475
1223 3476
2844 3477
3419 3478
526 3479
1512 3480
2439 3481
251 3482
998 3483
1818 3484
1102 3485
250 3486
48 3487
889 3488
954 3489
3359 3490
537 3491
732 3492
2352 3493
2351 3494
432 3495
453 3496
2076 3497
2026 3498
812 3499
2191 3500
186 3501
1883 3502
1334 3503
1058 3504
60 3505
2198 3506
239 3507
3475 3508
2147 3509
708 3510
1741 3511
349 3512
717 3513
2730 3514
421 3515
1999 3516
2840 3517
563 3518
3162 3519
2925 3520
134 3521
2003 3522
835 3523
2857 3524
2371 3525
596 3526
581 3527
7 3528
402 3529
1925 3530
1453 3531
2788 3532
289 3533
3058 3534
1560 3535
2085 3536
944 3537
768 3538
2259 3539
2244 3540
1270 3541
3045 3542
688 3543
546 3544
19 3545
758 3546
88 3547
2607 3548
2503 3549
406 3550
658 3551
3405 3552
1714 3553
1923 3554
2595 3555
3115 3556
2054 3557
1704 3558
1268 3559
577 3560
1169 3561
2088 3562
2880 3563
1270 3564
484 3565
3151 3566
3348 3567
3489 3568
244 3569
409 3570
635 3571
2007 3572
45 3573
335 3574
3039 3575
3446 3576
658 3577
3207 3578
3183 3579
1230 3580
3126 3581
623 3582
1554 3583
2893 3584
3423 3585
930 3586
777 3587
471 3588
2337 3589
142 3590
2129 3591
354 3592
2983 3593
1660 3594
1183 3595
2985 3596
2907 3597
2516 3598
3463 3599
3194 3600
3193 3601
1047 3602
691 3603
939 3604
556 3605
61 3606
1465 3607
1224 3608
3409 3609
2068 3610
3499 3611
281 3612
1974 3613
2556 3614
1570 3615
145 3616
1580 3617
2608 3618
688 3619
90 3620
2589 3621
3275 3622
1503 3623
1297 3624
2246 3625
765 3626
805 3627
1969 3628
2798 3629
2550 3630
3415 3631
3075 3632
190 3633
897 3634
3318 3635
275 3636
2752 3637
2125 3638
2020 3639
2412 3640
656 3641
3485 3642
1046 3643
1613 3644
3421 3645
1377 3646
863 3647
1390 3648
2873 3649
1791 3650
149 3651
2092 3652
2016 3653
621 3654
3129 3655
2080 3656
2582 3657
476 3658
2561 3659
3217 3660
2266 3661
1482 3662
456 3663
1373 3664
3443 3665
2863 3666
49 3667
997 3668
3231 3669
1292 3670
2386 3671
1138 3672
1239 3673
309 3674
276 3675
1222 3676
1661 3677
2630 3678
2914 3679
69 3680
1542 3681
1231 3682
3092 3683
455 3684
1768 3685
1761 3686
1551 3687
242 3688
509 3689
1177 3690
197 3691
1317 3692
1610 3693
3592 3694
625 3695
1461 3696
2841 3697
3006 3698
2308 3699
830 3700
115 3701
807 3702
2192 3703
1235 3704
3143 3705
893 3706
2646 3707
2398 3708
325 3709
3365 3710
495 3711
3291 3712
20 3713
481 3714
2343 3715
2273 3716
2700 3717
1584 3718
1593 3719
1646 3720
357 3721
386 3722
2581 3723
673 3724
3430 3725
87 3726
959 3727
1084 3728
2719 3729
2278 3730
811 3731
1379 3732
3064 3733
3333 3734
1675 3735
540 3736
1223 3737
887 3738
479 3739
2758 3740
2798 3741
2552 3742
1105 3743
1567 3744
930 3745
466 3746
1465 3747
2477 3748
1701 3749
103 3750
3010 3751
3189 3752
2469 3753
3646 3754
3560 3755
2586 3756
2819 3757
1053 3758
2946 3759
1846 3760
2613 3761
110 3762
963 3763
2537 3764
2672 3765
366 3766
1876 3767
1367 3768
2767 3769
909 3770
2562 3771
3711 3772
938 3773
3422 3774
3269 3775
477 3776
3632 3777
3244 3778
3318 3779
774 3780
2178 3781
667 3782
2589 3783
1136 3784
221 3785
1112 3786
2891 3787
93 3788
916 3789
1757 3790
1774 3791
978 3792
2891 3793
3568 3794
2945 3795
1168 3796
2533 3797
3585 3798
3491 3799
1478 3800
2967 3801
818 3802
3687 3803
1816 3804
3367 3805
3115 3806
1939 3807
2964 3808
3806 3809
2620 3810
1390 3811
1381 3812
435 3813
1680 3814
3800 3815
3066 3816
1373 3817
2716 3818
2724 3819
1388 3820
1141 3821
3472 3822
1462 3823
2908 3824
1714 3825
3740 3826
1675 3827
3061 3828
2774 3829
599 3830
186 3831
1750 3832
2960 3833
1428 3834
1970 3835
3386 3836
732 3837
1057 3838
3071 3839
121 3840
461 3841
2046 3842
1133 3843
723 3844
3544 3845
1542 3846
3345 3847
2115 3848
2254 3849
2058 3850
2079 3851
1342 3852
1606 3853
211 3854
3151 3855
1999 3856
744 3857
849 3858
3204 3859
2912 3860
1911 3861
1378 3862
3071 3863
1921 3864
2705 3865
2957 3866
1201 3867
178 3868
3813 3869
444 3870
69 3871
3132 3872
3100 3873
2071 3874
3497 3875
1458 3876
3661 3877
3225 3878
748 3879
308 3880
3375 3881
2619 3882
2399 3883
3675 3884
967 3885
3427 3886
3069 3887
2130 3888
1647 3889
1493 3890
3644 3891
819 3892
557 3893
142 3894
205 3895
2883 3896
3746 3897
2496 3898
873 3899
2632 3900
3323 3901
1536 3902
1874 3903
2312 3904
2219 3905
1471 3906
3494 3907
3524 3908
2587 3909
1766 3910
2930 3911
3852 3912
2184 3913
936 3914
1452 3915
1582 3916
1537 3917
2270 3918
1636 3919
1002 3920
983 3921
3684 3922
3845 3923
3201 3924
2623 3925
526 3926
1079 3927
2300 3928
1155 3929
2093 3930
2395 3931
1657 3932
1769 3933
423 3934
2179 3935
1176 3936
890 3937
3783 3938
2769 3939
3050 3940
1365 3941
812 3942
3898 3943
3596 3944
778 3945
2140 3946
1773 3947
1643 3948
1783 3949
473 3950
3435 3951
1126 3952
206 3953
3058 3954
1028 3955
3466 3956
809 3957
997 3958
1999 3959
1166 3960
2277 3961
1375 3962
2371 3963
223 3964
3899 3965
1122 3966
2606 3967
3372 3968
3210 3969
1403 3970
1182 3971
1370 3972
1571 3973
926 3974
311 3975
155 3976
1283 3977
3806 3978
3205 3979
3028 3980
3561 3981
121 3982
3125 3983
3205 3984
1286 3985
671 3986
486 3987
2354 3988
883 3989
936 3990
2529 3991
3072 3992
3806 3993
3057 3994
312 3995
3482 3996
2489 3997
3080 3998
3606 3999
2603 4000
3482 4001
1482 4002
2760 4003
2261 4004
3857 4005
467 4006
1801 4007
2906 4008
365 4009
80 4010
156 4011
660 4012
2736 4013
1191 4014
1606 4015
1102 4016
1758 4017
154 4018
2967 4019
1221 4020
418 4021
943 4022
186 4023
1598 4024
2296 4025
2779 4026
3234 4027
1254 4028
956 4029
731 4030
3136 4031
744 4032
2858 4033
1521 4034
3192 4035
4006 4036
468 4037
1516 4038
436 4039
1352 4040
328 4041
3208 4042
248 4043
2541 4044
2118 4045
1807 4046
3728 4047
780 4048
502 4049
1978 4050
1231 4051
3439 4052
2004 4053
2979 4054
2241 4055
427 4056
3227 4057
2699 4058
3025 4059
3675 4060
467 4061
2312 4062
1856 4063
3561 4064
3066 4065
2372 4066
2352 4067
1749 4068
1835 4069
1113 4070
253 4071
2501 4072
1690 4073
49 4074
2139 4075
1807 4076
57 4077
2546 4078
1870 4079
1259 4080
3391 4081
3021 4082
3651 4083
214 4084
3551 4085
495 4086
3354 4087
1863 4088
1293 4089
2820 4090
1775 4091
3392 4092
3722 4093
3868 4094
1730 4095
3782 4096
1611 4097
2224 4098
774 4099
1636 4100
2846 4101
3404 4102
432 4103
3383 4104
1133 4105
3710 4106
3553 4107
4065 4108
217 4109
2960 4110
2801 4111
2907 4112
2279 4113
2487 4114
3282 4115
3546 4116
2019 4117
2071 4118
3744 4119
2367 4120
3928 4121
3311 4122
3942 4123
3984 4124
2749 4125
2745 4126
770 4127
2156 4128
284 4129
2804 4130
3659 4131
2471 4132
3310 4133
2564 4134
1342 4135
3548 4136
824 4137
2208 4138
4120 4139
1389 4140
3132 4141
2254 4142
1429 4143
1653 4144
1761 4145
3241 4146
2480 4147
3330 4148
878 4149
2972 4150
2775 4151
190 4152
4051 4153
1611 4154
698 4155
1975 4156
509 4157
1681 4158
2195 4159
1199 4160
2861 4161
1792 4162
3479 4163
2865 4164
2741 4165
3071 4166
384 4167
2269 4168
2171 4169
3548 4170
270 4171
4110 4172
1016 4173
834 4174
156 4175
3414 4176
506 4177
3868 4178
1627 4179
2884 4180
3606 4181
2497 4182
205 4183
527 4184
3215 4185
840 4186
80 4187
26 4188
3289 4189
3874 4190
3454 4191
218 4192
703 4193
2828 4194
432 4195
615 4196
2585 4197
470 4198
880 4199
3109 4200
3582 4201
1259 4202
1538 4203
2291 4204
3008 4205
2505 4206
209 4207
1819 4208
2035 4209
142 4210
2583 4211
3245 4212
1234 4213
4174 4214
1084 4215
1476 4216
2314 4217
3862 4218
1730 4219
2776 4220
1493 4221
2462 4222
3916 4223
2792 4224
2576 4225
1857 4226
2696 4227
2178 4228
1353 4229
3245 4230
4148 4231
3446 4232
2826 4233
1769 4234
901 4235
2709 4236
308 4237
2874 4238
2731 4239
1706 4240
2381 4241
3766 4242
1714 4243
1150 4244
3978 4245
3754 4246
1578 4247
3691 4248
3030 4249
3819 4250
1370 4251
2977 4252
785 4253
1514 4254
1901 4255
1735 4256
738 4257
1536 4258
1831 4259
4111 4260
38 4261
378 4262
4227 4263
2953 4264
582 4265
2983 4266
1343 4267
3341 4268
505 4269
106 4270
3952 4271
3376 4272
2791 4273
2076 4274
772 4275
494 4276
3187 4277
1978 4278
247 4279
2143 4280
1418 4281
3583 4282
3081 4283
906 4284
146 4285
63 4286
1135 4287
2911 4288
1908 4289
267 4290
1015 4291
801 4292
1830 4293
3491 4294
3828 4295
2298 4296
3106 4297
2799 4298
984 4299
541 4300
1525 4301
1490 4302
3824 4303
346 4304
3281 4305
2493 4306
586 4307
820 4308
4036 4309
1374 4310
1992 4311
2756 4312
2910 4313
670 4314
3702 4315
3218 4316
3275 4317
3766 4318
1559 4319
2783 4320
2567 4321
769 4322
2473 4323
507 4324
1439 4325
1915 4326
3159 4327
3355 4328
4231 4329
1943 4330
2625 4331
3150 4332
2390 4333
1707 4334
2932 4335
3962 4336
1996 4337
3687 4338
2804 4339
867 4340
681 4341
6 4342
3435 4343
2537 4344
2307 4345
812 4346
1193 4347
608 4348
668 4349
713 4350
167 4351
3114 4352
473 4353
1018 4354
1117 4355
2580 4356
1537 4357
3558 4358
1734 4359
1951 4360
3587 4361
295 4362
3199 4363
3506 4364
4176 4365
3071 4366
1423 4367
1839 4368
2551 4369
3078 4370
3896 4371
2007 4372
3346 4373
3749 4374
2724 4375
1072 4376
1184 4377
2667 4378
2729 4379
2443 4380
4069 4381
2594 4382
2420 4383
1403 4384
2796 4385
557 4386
1566 4387
1179 4388
3534 4389
2986 4390
4266 4391
1967 4392
3016 4393
88 4394
3468 4395
3041 4396
921 4397
2970 4398
2333 4399
476 4400
3154 4401
3317 4402
3953 4403
3499 4404
4172 4405
3257 4406
2520 4407
1714 4408
1917 4409
2776 4410
337 4411
165 4412
2203 4413
3878 4414
1182 4415
2888 4416
1343 4417
4171 4418
1455 4419
1716 4420
2696 4421
3544 4422
4207 4423
2924 4424
254 4425
960 4426
3980 4427
637 4428
3515 4429
3228 4430
3380 4431
1791 4432
1053 4433
496 4434
2534 4435
1498 4436
3354 4437
93 4438
444 4439
2548 4440
1474 4441
3568 4442
1795 4443
1246 4444
4273 4445
3131 4446
3685 4447
4208 4448
1139 4449
100 4450
638 4451
65 4452
1546 4453
4277 4454
3803 4455
819 4456
3867 4457
2077 4458
1112 4459
1915 4460
3401 4461
3002 4462
3559 4463
3402 4464
1672 4465
3482 4466
3609 4467
843 4468
4048 4469
25 4470
2910 4471
50 4472
2488 4473
3664 4474
809 4475
2672 4476
1419 4477
232 4478
2825 4479
4355 4480
1446 4481
2561 4482
3305 4483
2453 4484
916 4485
2362 4486
4278 4487
2205 4488
1001 4489
460 4490
3680 4491
1499 4492
2963 4493
3047 4494
2495 4495
180 4496
2756 4497
785 4498
2788 4499
2298 4500
1110 4501
89 4502
2435 4503
1112 4504
2214 4505
3168 4506
1887 4507
2882 4508
2325 4509
3165 4510
3526 4511
2588 4512
4186 4513
449 4514
1025 4515
4018 4516
194 4517
3051 4518
1588 4519
1732 4520
4407 4521
3157 4522
893 4523
1992 4524
2042 4525
2594 4526
496 4527
1234 4528
2240 4529
2140 4530
3558 4531
3758 4532
2476 4533
282 4534
985 4535
455 4536
2828 4537
2644 4538
4282 4539
728 4540
1956 4541
3338 4542
4428 4543
868 4544
1422 4545
4122 4546
1540 4547
3699 4548
1481 4549
3795 4550
4503 4551
516 4552
837 4553
3834 4554
3528 4555
898 4556
4412 4557
1472 4558
1406 4559
564 4560
3533 4561
3842 4562
3434 4563
530 4564
707 4565
2670 4566
706 4567
884 4568
1162 4569
1402 4570
2983 4571
855 4572
2487 4573
2238 4574
714 4575
3704 4576
2467 4577
956 4578
2660 4579
1444 4580
1560 4581
2306 4582
1106 4583
932 4584
3771 4585
1892 4586
589 4587
3234 4588
947 4589
1788 4590
2594 4591
849 4592
1481 4593
2583 4594
108 4595
2092 4596
3382 4597
3178 4598
295 4599
4194 4600
1777 4601
3055 4602
1136 4603
963 4604
3458 4605
816 4606
3704 4607
4342 4608
2935 4609
1022 4610
4501 4611
1765 4612
3431 4613
3828 4614
944 4615
2958 4616
2042 4617
648 4618
336 4619
3173 4620
3643 4621
3374 4622
3835 4623
3683 4624
70 4625
3235 4626
3046 4627
1336 4628
2034 4629
4054 4630
7 4631
3497 4632
3672 4633
447 4634
930 4635
1275 4636
3701 4637
2885 4638
2463 4639
3974 4640
1260 4641
4163 4642
3531 4643
799 4644
4510 4645
4605 4646
1307 4647
2310 4648
593 4649
4333 4650
4556 4651
2968 4652
4178 4653
399 4654
4407 4655
686 4656
19 4657
1998 4658
1229 4659
1419 4660
1929 4661
3264 4662
522 4663
1826 4664
911 4665
2330 4666
3403 4667
1586 4668
4157 4669
940 4670
1731 4671
673 4672
4321 4673
702 4674
994 4675
3597 4676
966 4677
789 4678
1065 4679
2684 4680
1608 4681
2419 4682
424 4683
2794 4684
4078 4685
2737 4686
4086 4687
1794 4688
3504 4689
375 4690
1592 4691
3201 4692
289 4693
554 4694
3194 4695
1488 4696
2310 4697
2192 4698
423 4699
2501 4700
4313 4701
952 4702
1166 4703
2269 4704
2999 4705
4638 4706
1661 4707
4492 4708
238 4709
4129 4710
3937 4711
443 4712
3408 4713
420 4714
2350 4715
510 4716
1514 4717
601 4718
881 4719
4428 4720
606 4721
1363 4722
2891 4723
3838 4724
3637 4725
3410 4726
3719 4727
437 4728
2238 4729
4557 4730
8 4731
3020 4732
2997 4733
1109 4734
3788 4735
1856 4736
1484 4737
3828 4738
942 4739
4461 4740
834 4741
2814 4742
3259 4743
220 4744
4535 4745
2569 4746
262 4747
3594 4748
754 4749
3029 4750
4655 4751
355 4752
3691 4753
160 4754
359 4755
1261 4756
153 4757
1994 4758
597 4759
3487 4760
1149 4761
3796 4762
1980 4763
3814 4764
585 4765
3941 4766
967 4767
4615 4768
4354 4769
3410 4770
1206 4771
4003 4772
3763 4773
1105 4774
2204 4775
1856 4776
1135 4777
4764 4778
2827 4779
2651 4780
2454 4781
1240 4782
3298 4783
2270 4784
1225 4785
302 4786
3120 4787
1 4788
4326 4789
3686 4790
3866 4791
1203 4792
1421 4793
2055 4794
3171 4795
2429 4796
1842 4797
4700 4798
4189 4799
4766 4800
2809 4801
3070 4802
4126 4803
3307 4804
859 4805
1921 4806
3531 4807
3805 4808
1184 4809
3400 4810
694 4811
4314 4812
351 4813
3027 4814
42 4815
3971 4816
4520 4817
2682 4818
3792 4819
2064 4820
495 4821
2496 4822
1519 4823
1966 4824
1934 4825
2256 4826
1056 4827
2960 4828
147 4829
4730 4830
2187 4831
3909 4832
2671 4833
4730 4834
1272 4835
1968 4836
132 4837
4091 4838
3238 4839
3124 4840
3040 4841
1432 4842
3627 4843
895 4844
4140 4845
2477 4846
1042 4847
2395 4848
1446 4849
4688 4850
4690 4851
1432 4852
3492 4853
2673 4854
4472 4855
391 4856
3878 4857
3556 4858
3323 4859
1208 4860
1672 4861
4054 4862
3297 4863
4241 4864
1318 4865
3931 4866
3704 4867
3242 4868
2261 4869
3048 4870
2135 4871
4668 4872
1385 4873
1079 4874
4840 4875
547 4876
913 4877
4653 4878
353 4879
1963 4880
501 4881
1653 4882
2803 4883
924 4884
3017 4885
4251 4886
4535 4887
223 4888
1287 4889
3672 4890
1730 4891
3624 4892
841 4893
4738 4894
3728 4895
4872 4896
3388 4897
1949 4898
1170 4899
4542 4900
3259 4901
2753 4902
3139 4903
359 4904
2986 4905
3700 4906
4324 4907
1190 4908
1843 4909
2892 4910
2855 4911
550 4912
3460 4913
3700 4914
997 4915
3070 4916
3579 4917
2011 4918
4327 4919
1166 4920
3872 4921
4474 4922
4348 4923
3285 4924
2955 4925
3023 4926
1292 4927
978 4928
2708 4929
1080 4930
295 4931
4052 4932
2140 4933
4230 4934
288 4935
414 4936
515 4937
4936 4938
4 4939
1739 4940
3773 4941
688 4942
1716 4943
1479 4944
147 4945
321 4946
280 4947
3264 4948
1120 4949
4038 4950
3427 4951
3319 4952
1626 4953
997 4954
4774 4955
1010 4956
189 4957
2423 4958
4015 4959
767 4960
4939 4961
3854 4962
2144 4963
541 4964
1218 4965
425 4966
1925 4967
2892 4968
716 4969
4464 4970
3180 4971
4038 4972
4471 4973
1518 4974
2029 4975
2385 4976
3619 4977
1852 4978
1931 4979
1599 4980
4154 4981
1539 4982
1109 4983
222 4984
4331 4985
441 4986
1050 4987
4597 4988
1487 4989
2617 4990
3193 4991
728 4992
2051 4993
3209 4994
3916 4995
3889 4996
4269 4997
1246 4998
2301 4999
2376 5000
2126 5001
2892 5002
4378 5003
3046 5004
2397 5005
163 5006
205 5007
4550 5008
4275 5009
3122 5010
4695 5011
4142 5012
4845 5013
2426 5014
4392 5015
3417 5016
4805 5017
1737 5018
3809 5019
3433 5020
2117 5021
1639 5022
1332 5023
1310 5024
987 5025
553 5026
1349 5027
681 5028
2123 5029
3909 5030
3945 5031
3193 5032
512 5033
4371 5034
1471 5035
2469 5036
2915 5037
3204 5038
2010 5039
3743 5040
2995 5041
3807 5042
4676 5043
2525 5044
4891 5045
3016 5046
4498 5047
3746 5048
1351 5049
1231 5050
4348 5051
4262 5052
2616 5053
2845 5054
3656 5055
62 5056
2035 5057
2619 5058
851 5059
2586 5060
4706 5061
3960 5062
1982 5063
3059 5064
3722 5065
3896 5066
254 5067
1415 5068
1014 5069
4021 5070
1082 5071
845 5072
35 5073
3780 5074
904 5075
2247 5076
1834 5077
1156 5078
4913 5079
4894 5080
4561 5081
1534 5082
1917 5083
733 5084
2675 5085
1200 5086
4442 5087
3936 5088
2443 5089
3895 5090
2903 5091
126 5092
1285 5093
2647 5094
4627 5095
2474 5096
149 5097
476 5098
303 5099
3169 5100
1481 5101
2262 5102
1572 5103
3759 5104
2947 5105
1852 5106
473 5107
3676 5108
2649 5109
2474 5110
2202 5111
2688 5112
4780 5113
3688 5114
1146 5115
473 5116
1982 5117
3063 5118
2522 5119
2338 5120
3300 5121
2225 5122
2451 5123
2858 5124
4192 5125
1728 5126
1537 5127
735 5128
3687 5129
654 5130
3880 5131
681 5132
4144 5133
4380 5134
369 5135
4475 5136
308 5137
207 5138
457 5139
1435 5140
584 5141
4797 5142
5138 5143
121 5144
2783 5145
5032 5146
405 5147
5072 5148
1133 5149
2808 5150
269 5151
2938 5152
2301 5153
3274 5154
3360 5155
1393 5156
4107 5157
2004 5158
3000 5159
1539 5160
4082 5161
1265 5162
3726 5163
4660 5164
3196 5165
610 5166
4680 5167
2370 5168
4197 5169
3885 5170
2744 5171
2503 5172
2964 5173
223 5174
1400 5175
2849 5176
4178 5177
2232 5178
1185 5179
2934 5180
1589 5181
4039 5182
2001 5183
4081 5184
2390 5185
1700 5186
4243 5187
4946 5188
3459 5189
2585 5190
4260 5191
4641 5192
2998 5193
1983 5194
4245 5195
1990 5196
4552 5197
2412 5198
4796 5199
288 5200
1126 5201
763 5202
2231 5203
2942 5204
4600 5205
1016 5206
4398 5207
4112 5208
2965 5209
2323 5210
3141 5211
1699 5212
2493 5213
1048 5214
2324 5215
104 5216
3183 5217
1386 5218
2740 5219
5211 5220
4251 5221
2495 5222
1294 5223
2704 5224
1329 5225
254 5226
92 5227
3256 5228
4184 5229
4693 5230
1324 5231
259 5232
2632 5233
4330 5234
294 5235
3998 5236
4560 5237
4840 5238
1824 5239
1524 5240
2305 5241
4797 5242
5203 5243
1530 5244
2305 5245
4427 5246
3362 5247
2412 5248
3529 5249
4605 5250
2083 5251
3690 5252
2915 5253
1664 5254
566 5255
16 5256
2597 5257
3289 5258
3624 5259
1882 5260
3996 5261
3541 5262
3781 5263
2062 5264
138 5265
3517 5266
621 5267
4129 5268
4384 5269
3547 5270
1318 5271
1600 5272
1789 5273
2170 5274
4608 5275
4889 5276
1405 5277
2830 5278
1591 5279
542 5280
195 5281
4614 5282
1956 5283
1220 5284
2391 5285
1311 5286
3855 5287
4222 5288
5121 5289
1500 5290
1606 5291
432 5292
484 5293
4498 5294
3245 5295
3542 5296
3100 5297
5144 5298
857 5299
3506 5300
2877 5301
4290 5302
4203 5303
1908 5304
5105 5305
3188 5306
462 5307
3317 5308
4050 5309
2745 5310
3933 5311
2079 5312
1917 5313
2298 5314
3388 5315
2877 5316
80 5317
4723 5318
5090 5319
4084 5320
4525 5321
100 5322
4037 5323
2333 5324
1809 5325
3800 5326
3768 5327
899 5328
4846 5329
2289 5330
867 5331
848 5332
2645 5333
4382 5334
3152 5335
2806 5336
1781 5337
3836 5338
1601 5339
4288 5340
3214 5341
1746 5342
2521 5343
521 5344
4663 5345
4735 5346
2036 5347
2904 5348
437 5349
1793 5350
5299 5351
4352 5352
945 5353
594 5354
4426 5355
2304 5356
514 5357
12 5358
2701 5359
1125 5360
1873 5361
1355 5362
4577 5363
1400 5364
5295 5365
3781 5366
251 5367
4182 5368
986 5369
3132 5370
2155 5371
27 5372
696 5373
4720 5374
1923 5375
2242 5376
2738 5377
2972 5378
5157 5379
4917 5380
1634 5381
3857 5382
2114 5383
2582 5384
3670 5385
4947 5386
5240 5387
1376 5388
4091 5389
947 5390
1615 5391
2554 5392
1283 5393
3802 5394
2175 5395
3433 5396
2448 5397
137 5398
456 5399
920 5400
3151 5401
1516 5402
1156 5403
808 5404
165 5405
4519 5406
748 5407
4270 5408
3245 5409
3542 5410
4423 5411
5048 5412
4020 5413
2453 5414
5366 5415
4087 5416
2427 5417
2259 5418
2997 5419
4680 5420
4285 5421
3087 5422
1024 5423
3427 5424
4070 5425
2966 5426
1844 5427
3440 5428
197 5429
4137 5430
4026 5431
4600 5432
2468 5433
4889 5434
1070 5435
1389 5436
2851 5437
4405 5438
1938 5439
1823 5440
232 5441
307 5442
4302 5443
522 5444
925 5445
1888 5446
3852 5447
3279 5448
2928 5449
791 5450
1035 5451
411 5452
42 5453
3271 5454
1018 5455
897 5456
314 5457
3406 5458
3109 5459
1506 5460
2395 5461
4290 5462
1162 5463
153 5464
4385 5465
4616 5466
3652 5467
38 5468
1856 5469
5125 5470
1317 5471
4575 5472
5443 5473
4748 5474
1813 5475
2501 5476
3003 5477
183 5478
3738 5479
1815 5480
3598 5481
3366 5482
3265 5483
1181 5484
4540 5485
530 5486
3136 5487
5194 5488
5309 5489
2896 5490
4482 5491
5089 5492
2657 5493
2754 5494
2994 5495
4284 5496
4623 5497
1212 5498
1706 5499
5377 5500
4687 5501
4806 5502
5019 5503
3577 5504
2335 5505
5212 5506
4702 5507
4964 5508
317 5509
3429 5510
3252 5511
427 5512
4795 5513
2651 5514
3392 5515
4116 5516
807 5517
30 5518
4781 5519
1580 5520
721 5521
1722 5522
3607 5523
4892 5524
1548 5525
4391 5526
3941 5527
4009 5528
2716 5529
4138 5530
822 5531
2437 5532
5413 5533
2520 5534
1162 5535
902 5536
2907 5537
4360 5538
4006 5539
209 5540
408 5541
313 5542
5145 5543
4546 5544
3553 5545
2295 5546
5116 5547
101 5548
109 5549
4424 5550
2763 5551
4203 5552
3237 5553
476 5554
4717 5555
4594 5556
1538 5557
2455 5558
2099 5559
1046 5560
194 5561
5129 5562
2571 5563
1994 5564
4268 5565
4041 5566
3488 5567
4890 5568
3863 5569
2875 5570
3135 5571
3372 5572
3710 5573
3039 5574
3061 5575
4928 5576
1968 5577
724 5578
1195 5579
3233 5580
2680 5581
179 5582
1304 5583
286 5584
2393 5585
852 5586
2315 5587
1422 5588
3929 5589
101 5590
2920 5591
1897 5592
3049 5593
1063 5594
4960 5595
2565 5596
734 5597
852 5598
4846 5599
1935 5600
1587 5601
1645 5602
4084 5603
3760 5604
2165 5605
697 5606
258 5607
3583 5608
758 5609
1132 5610
3060 5611
2736 5612
2215 5613
3475 5614
3111 5615
4113 5616
3342 5617
4420 5618
1539 5619
1546 5620
2784 5621
908 5622
5214 5623
3428 5624
1063 5625
69 5626
5561 5627
4106 5628
2394 5629
2468 5630
4762 5631
5130 5632
3216 5633
2275 5634
4412 5635
2433 5636
4561 5637
262 5638
1770 5639
206 5640
4605 5641
2696 5642
500 5643
315 5644
2870 5645
51 5646
617 5647
4277 5648
2322 5649
4012 5650
4314 5651
3613 5652
4291 5653
2377 5654
947 5655
2899 5656
2366 5657
507 5658
4013 5659
2108 5660
5565 5661
4392 5662
5115 5663
158 5664
2509 5665
888 5666
3806 5667
508 5668
1004 5669
64 5670
2383 5671
956 5672
4124 5673
1607 5674
559 5675
4043 5676
2574 5677
3915 5678
1548 5679
5155 5680
2119 5681
5507 5682
480 5683
5633 5684
5575 5685
5411 5686
99 5687
2853 5688
3613 5689
5333 5690
841 5691
3760 5692
4272 5693
3339 5694
2679 5695
1744 5696
5258 5697
1194 5698
3291 5699
1078 5700
5020 5701
4194 5702
1167 5703
3708 5704
3451 5705
29 5706
4253 5707
2142 5708
1501 5709
4746 5710
3774 5711
5642 5712
1933 5713
5665 5714
2979 5715
1535 5716
3607 5717
1836 5718
4337 5719
5457 5720
157 5721
1476 5722
3901 5723
4472 5724
2776 5725
3139 5726
5650 5727
643 5728
5639 5729
289 5730
3584 5731
2934 5732
5560 5733
2039 5734
1797 5735
5244 5736
3722 5737
2088 5738
5073 5739
1179 5740
5081 5741
4961 5742
1336 5743
609 5744
3874 5745
2822 5746
1494 5747
4486 5748
775 5749
3101 5750
4141 5751
2930 5752
988 5753
1219 5754
3577 5755
3630 5756
4328 5757
5732 5758
5450 5759
2776 5760
1157 5761
5568 5762
5379 5763
2057 5764
3872 5765
393 5766
4189 5767
424 5768
5634 5769
5494 5770
339 5771
4679 5772
5510 5773
3062 5774
2283 5775
3217 5776
5048 5777
5303 5778
2530 5779
4486 5780
2783 5781
3412 5782
3039 5783
3490 5784
4148 5785
1901 5786
4235 5787
5399 5788
2625 5789
901 5790
3393 5791
3459 5792
1347 5793
2339 5794
4401 5795
2576 5796
5176 5797
5693 5798
3422 5799
201 5800
1218 5801
331 5802
2186 5803
1469 5804
4242 5805
3063 5806
3073 5807
2748 5808
4990 5809
834 5810
5717 5811
2492 5812
4872 5813
893 5814
1794 5815
445 5816
2260 5817
557 5818
296 5819
3005 5820
3901 5821
640 5822
2321 5823
4909 5824
2689 5825
238 5826
3237 5827
4730 5828
5533 5829
2825 5830
3849 5831
4087 5832
890 5833
2741 5834
63 5835
1666 5836
3039 5837
4201 5838
5196 5839
2119 5840
4900 5841
2085 5842
4227 5843
4570 5844
4508 5845
3401 5846
2383 5847
332 5848
4396 5849
3451 5850
4857 5851
2462 5852
3754 5853
5602 5854
2953 5855
5360 5856
288 5857
3951 5858
1995 5859
1484 5860
4826 5861
5554 5862
1942 5863
4702 5864
4339 5865
2750 5866
4174 5867
1369 5868
3776 5869
590 5870
273 5871
2120 5872
2507 5873
3446 5874
705 5875
886 5876
1145 5877
1019 5878
2640 5879
621 5880
2645 5881
5295 5882
1460 5883
3542 5884
299 5885
5279 5886
4921 5887
5457 5888
2942 5889
2583 5890
5507 5891
3103 5892
2415 5893
3952 5894
2727 5895
1738 5896
1971 5897
5352 5898
5829 5899
52 5900
3425 5901
3504 5902
3223 5903
3320 5904
4978 5905
3431 5906
854 5907
833 5908
1287 5909
1823 5910
3377 5911
2825 5912
2126 5913
5249 5914
5318 5915
2138 5916
1125 5917
3330 5918
3738 5919
208 5920
3197 5921
2799 5922
5550 5923
467 5924
2700 5925
133 5926
3801 5927
1318 5928
1540 5929
2005 5930
2363 5931
4315 5932
1339 5933
5541 5934
3054 5935
5288 5936
5241 5937
171 5938
552 5939
2486 5940
1096 5941
3416 5942
2787 5943
4510 5944
4895 5945
836 5946
1883 5947
5486 5948
5942 5949
3856 5950
1789 5951
111 5952
4028 5953
3756 5954
1588 5955
3308 5956
5282 5957
352 5958
3417 5959
5086 5960
1534 5961
1298 5962
2473 5963
2974 5964
4956 5965
5600 5966
1606 5967
1209 5968
1072 5969
2838 5970
5343 5971
2511 5972
3786 5973
326 5974
1419 5975
3611 5976
4800 5977
2942 5978
2615 5979
3594 5980
4360 5981
2832 5982
1472 5983
627 5984
284 5985
5341 5986
1729 5987
3381 5988
2568 5989
4632 5990
1019 5991
2862 5992
1991 5993
23 5994
2595 5995
5125 5996
738 5997
5046 5998
2916 5999
5996 6000
5047 6001
829 6002
3883 6003
421 6004
2048 6005
5437 6006
4097 6007
4516 6008
1066 6009
3584 6010
4220 6011
4444 6012
3978 6013
5089 6014
4503 6015
344 6016
1915 6017
2824 6018
3167 6019
2621 6020
1874 6021
473 6022
1271 6023
5726 6024
1241 6025
864 6026
4083 6027
1560 6028
2477 6029
5888 6030
2791 6031
4892 6032
1807 6033
1437 6034
3014 6035
5279 6036
5262 6037
1764 6038
3614 6039
2777 6040
964 6041
3708 6042
2746 6043
130 6044
1073 6045
4934 6046
1998 6047
4138 6048
5499 6049
274 6050
5194 6051
3565 6052
537 6053
1956 6054
4534 6055
929 6056
1395 6057
5320 6058
3818 6059
4443 6060
2463 6061
3466 6062
2457 6063
1596 6064
4199 6065
4096 6066
4912 6067
5508 6068
2557 6069
2608 6070
2572 6071
5206 6072
4310 6073
5831 6074
1255 6075
4782 6076
135 6077
1884 6078
6012 6079
499 6080
5307 6081
4647 6082
470 6083
1291 6084
2823 6085
2022 6086
4310 6087
5834 6088
29 6089
5320 6090
2419 6091
3407 6092
70 6093
346 6094
3555 6095
4865 6096
4352 6097
3519 6098
5376 6099
2386 6100
2796 6101
3229 6102
2187 6103
4873 6104
5128 6105
973 6106
2360 6107
4122 6108
3622 6109
701 6110
892 6111
774 6112
4252 6113
4125 6114
16 6115
1298 6116
3626 6117
666 6118
163 6119
445 6120
4407 6121
3139 6122
3380 6123
665 6124
3041 6125
4146 6126
5105 6127
1795 6128
4056 6129
1300 6130
1596 6131
4362 6132
4563 6133
5556 6134
4763 6135
5615 6136
4731 6137
181 6138
3181 6139
1069 6140
1789 6141
4140 6142
2078 6143
5147 6144
1148 6145
1737 6146
598 6147
3709 6148
5581 6149
652 6150
551 6151
3456 6152
2626 6153
2585 6154
4801 6155
3840 6156
1304 6157
3470 6158
3833 6159
3499 6160
4049 6161
3690 6162
3688 6163
1312 6164
5538 6165
4919 6166
2048 6167
492 6168
5462 6169
4282 6170
4850 6171
6018 6172
4305 6173
3858 6174
1481 6175
5165 6176
61 6177
4737 6178
285 6179
2485 6180
3113 6181
2075 6182
1472 6183
375 6184
2869 6185
4692 6186
3825 6187
1086 6188
5071 6189
5381 6190
1112 6191
2054 6192
3914 6193
2703 6194
1189 6195
5109 6196
1230 6197
1149 6198
1436 6199
4143 6200
4513 6201
832 6202
2782 6203
1339 6204
5252 6205
3797 6206
2390 6207
4919 6208
2366 6209
2671 6210
3672 6211
2065 6212
4569 6213
3709 6214
720 6215
1894 6216
1984 6217
544 6218
4125 6219
4991 6220
5615 6221
1338 6222
741 6223
3996 6224
515 6225
544 6226
1342 6227
866 6228
1153 6229
5694 6230
6110 6231
1014 6232
308 6233
1995 6234
1376 6235
3364 6236
2856 6237
4444 6238
2983 6239
3891 6240
864 6241
1314 6242
1781 6243
5724 6244
6220 6245
784 6246
4062 6247
4637 6248
1036 6249
5955 6250
4027 6251
1619 6252
2151 6253
415 6254
260 6255
1319 6256
3341 6257
3106 6258
1737 6259
6042 6260
5990 6261
1425 6262
1702 6263
474 6264
6176 6265
1914 6266
2936 6267
5852 6268
2804 6269
1603 6270
1872 6271
2775 6272
2305 6273
2487 6274
3848 6275
2885 6276
4325 6277
1387 6278
365 6279
224 6280
3239 6281
5614 6282
1559 6283
1220 6284
4043 6285
701 6286
63 6287
5519 6288
4534 6289
5662 6290
2086 6291
3887 6292
3402 6293
18 6294
5808 6295
3660 6296
4419 6297
3260 6298
4595 6299
1701 6300
169 6301
483 6302
2829 6303
4617 6304
5027 6305
5566 6306
3280 6307
1334 6308
1997 6309
4720 6310
4405 6311
4193 6312
4955 6313
6313 6314
2580 6315
1216 6316
324 6317
5189 6318
4893 6319
4149 6320
1760 6321
1719 6322
1536 6323
4267 6324
2362 6325
4483 6326
1665 6327
652 6328
5895 6329
3101 6330
4936 6331
5280 6332
1057 6333
817 6334
1347 6335
2038 6336
3206 6337
1200 6338
4447 6339
1173 6340
2726 6341
1789 6342
3604 6343
3548 6344
1560 6345
5852 6346
5872 6347
625 6348
6145 6349
5035 6350
133 6351
828 6352
4123 6353
6206 6354
6004 6355
4266 6356
5763 6357
3538 6358
5112 6359
5042 6360
4436 6361
5152 6362
1984 6363
1124 6364
626 6365
4324 6366
4285 6367
4279 6368
3816 6369
4233 6370
531 6371
4761 6372
1987 6373
5997 6374
3457 6375
4311 6376
460 6377
6277 6378
5224 6379
5921 6380
2194 6381
4584 6382
5893 6383
6261 6384
709 6385
4390 6386
1370 6387
700 6388
440 6389
3266 6390
1089 6391
302 6392
3936 6393
5553 6394
3862 6395
2917 6396
5075 6397
60 6398
5577 6399
4800 6400
3467 6401
5366 6402
2764 6403
6147 6404
5668 6405
6207 6406
6224 6407
361 6408
793 6409
1460 6410
591 6411
4111 6412
1435 6413
3844 6414
1567 6415
4726 6416
2496 6417
866 6418
2430 6419
1214 6420
942 6421
5927 6422
1965 6423
1016 6424
861 6425
2684 6426
6093 6427
3631 6428
2241 6429
5545 6430
5562 6431
1059 6432
3245 6433
1656 6434
208 6435
6351 6436
1601 6437
5378 6438
1932 6439
6169 6440
1982 6441
2926 6442
3465 6443
4396 6444
1036 6445
6182 6446
2080 6447
5518 6448
3115 6449
1620 6450
6437 6451
469 6452
1047 6453
2986 6454
2344 6455
1545 6456
2202 6457
2803 6458
2633 6459
5121 6460
1710 6461
4604 6462
1543 6463
2298 6464
913 6465
5672 6466
4629 6467
310 6468
2527 6469
5710 6470
2256 6471
3775 6472
4523 6473
2402 6474
168 6475
3232 6476
6150 6477
1739 6478
3447 6479
5844 6480
6454 6481
5483 6482
1470 6483
1180 6484
1857 6485
4016 6486
5502 6487
4330 6488
4176 6489
5133 6490
4059 6491
2853 6492
5212 6493
6295 6494
3324 6495
3371 6496
4980 6497
4494 6498
5744 6499
4102 6500
3605 6501
6362 6502
1676 6503
5202 6504
6136 6505
2337 6506
2294 6507
6141 6508
956 6509
4716 6510
2470 6511
5534 6512
3666 6513
2969 6514
1257 6515
5092 6516
1111 6517
4824 6518
5940 6519
2821 6520
3757 6521
1017 6522
1625 6523
4610 6524
4878 6525
989 6526
779 6527
3635 6528
2712 6529
1731 6530
1177 6531
2350 6532
4867 6533
369 6534
3314 6535
977 6536
4886 6537
4516 6538
4975 6539
4824 6540
2426 6541
272 6542
2307 6543
794 6544
3534 6545
4640 6546
6457 6547
379 6548
797 6549
4445 6550
2969 6551
3237 6552
5539 6553
1515 6554
4344 6555
4905 6556
2537 6557
3698 6558
4384 6559
4686 6560
5980 6561
381 6562
3045 6563
2636 6564
4025 6565
4907 6566
3947 6567
3487 6568
4924 6569
2402 6570
33 6571
437 6572
2657 6573
2707 6574
3247 6575
2573 6576
2826 6577
1293 6578
1910 6579
2790 6580
3196 6581
196 6582
4124 6583
3392 6584
4905 6585
3825 6586
4676 6587
4778 6588
951 6589
5923 6590
1784 6591
6042 6592
2336 6593
2190 6594
2683 6595
6046 6596
3292 6597
745 6598
2495 6599
1023 6600
4946 6601
1079 6602
3402 6603
4490 6604
6604 6605
1025 6606
1501 6607
2733 6608
4614 6609
2384 6610
966 6611
1898 6612
5619 6613
4300 6614
1352 6615
5047 6616
3127 6617
4775 6618
5453 6619
5500 6620
3946 6621
4084 6622
1854 6623
3244 6624
2308 6625
3999 6626
2175 6627
6224 6628
79 6629
3060 6630
2445 6631
6253 6632
1497 6633
5912 6634
781 6635
1264 6636
1423 6637
380 6638
2893 6639
5608 6640
3778 6641
1011 6642
370 6643
646 6644
46 6645
1014 6646
270 6647
1423 6648
4558 6649
217 6650
438 6651
3428 6652
1001 6653
4092 6654
2602 6655
3203 6656
1193 6657
4324 6658
5645 6659
5340 6660
6646 6661
983 6662
2076 6663
848 6664
1839 6665
6265 6666
991 6667
6383 6668
5782 6669
6342 6670
843 6671
340 6672
2047 6673
3463 6674
6075 6675
4374 6676
2665 6677
4026 6678
191 6679
408 6680
6581 6681
1372 6682
158 6683
2255 6684
2933 6685
2241 6686
3921 6687
3214 6688
2318 6689
12 6690
6590 6691
4957 6692
5642 6693
4070 6694
5523 6695
4736 6696
1406 6697
6314 6698
442 6699
655 6700
429 6701
3591 6702
3658 6703
919 6704
956 6705
2479 6706
343 6707
3141 6708
3984 6709
2102 6710
4375 6711
1781 6712
6036 6713
3123 6714
3968 6715
1252 6716
5676 6717
2758 6718
4778 6719
4472 6720
2931 6721
5601 6722
5088 6723
6495 6724
4961 6725
6238 6726
6165 6727
3597 6728
1574 6729
3984 6730
5854 6731
5179 6732
6629 6733
5193 6734
3911 6735
2373 6736
5481 6737
689 6738
6270 6739
6185 6740
5184 6741
148 6742
2599 6743
2773 6744
1195 6745
6294 6746
604 6747
2365 6748
1072 6749
4313 6750
41 6751
2138 6752
4248 6753
2343 6754
5753 6755
1601 6756
4749 6757
1555 6758
1147 6759
5189 6760
1845 6761
152 6762
6390 6763
5388 6764
6581 6765
577 6766
1650 6767
3669 6768
1783 6769
2524 6770
5927 6771
1173 6772
4100 6773
1657 6774
2779 6775
2388 6776
2515 6777
3398 6778
4914 6779
1368 6780
836 6781
2602 6782
118 6783
2006 6784
3262 6785
5453 6786
3689 6787
297 6788
1221 6789
5502 6790
6546 6791
5033 6792
3701 6793
1624 6794
577 6795
6400 6796
3249 6797
2469 6798
5019 6799
6268 6800
4181 6801
689 6802
4121 6803
3120 6804
2097 6805
1895 6806
1743 6807
709 6808
1083 6809
3111 6810
156 6811
4889 6812
6216 6813
6121 6814
5811 6815
4977 6816
6020 6817
366 6818
578 6819
3236 6820
6114 6821
924 6822
1108 6823
2143 6824
541 6825
3833 6826
3595 6827
2722 6828
6246 6829
5950 6830
2887 6831
6242 6832
5187 6833
4939 6834
1541 6835
2772 6836
4965 6837
3572 6838
2414 6839
2723 6840
5755 6841
3788 6842
275 6843
642 6844
6461 6845
1275 6846
859 6847
228 6848
2634 6849
5789 6850
6212 6851
750 6852
5475 6853
6838 6854
2099 6855
3276 6856
1973 6857
6082 6858
6362 6859
307 6860
5175 6861
5753 6862
2311 6863
4218 6864
1889 6865
3469 6866
3440 6867
3625 6868
2110 6869
4547 6870
627 6871
1381 6872
1195 6873
608 6874
6292 6875
249 6876
1250 6877
4875 6878
5177 6879
5040 6880
1488 6881
4445 6882
934 6883
4541 6884
2427 6885
296 6886
2068 6887
6635 6888
3293 6889
3942 6890
6255 6891
4064 6892
791 6893
2012 6894
6801 6895
3643 6896
1280 6897
1022 6898
3877 6899
5178 6900
5347 6901
2749 6902
944 6903
2066 6904
988 6905
1765 6906
5715 6907
621 6908
103 6909
6526 6910
4279 6911
5953 6912
3799 6913
6475 6914
3200 6915
2765 6916
2117 6917
5987 6918
2849 6919
3543 6920
430 6921
4307 6922
5348 6923
5680 6924
1921 6925
3286 6926
2213 6927
5852 6928
2270 6929
5869 6930
987 6931
6180 6932
4240 6933
2500 6934
6252 6935
2252 6936
4413 6937
3432 6938
417 6939
5242 6940
3312 6941
1151 6942
2344 6943
1636 6944
1918 6945
3458 6946
4179 6947
1862 6948
3338 6949
5244 6950
2711 6951
6669 6952
671 6953
1617 6954
4292 6955
3903 6956
2646 6957
4187 6958
5196 6959
4859 6960
6173 6961
858 6962
2186 6963
6545 6964
3122 6965
5943 6966
2859 6967
4961 6968
366 6969
3796 6970
34 6971
1573 6972
4790 6973
3140 6974
189 6975
6168 6976
4453 6977
4509 6978
2388 6979
4552 6980
224 6981
833 6982
4689 6983
2628 6984
2328 6985
4961 6986
2788 6987
3459 6988
1824 6989
6986 6990
6341 6991
6675 6992
4829 6993
5233 6994
5669 6995
419 6996
272 6997
6501 6998
2093 6999
5944 7000
855 7001
6725 7002
6136 7003
2944 7004
2516 7005
6607 7006
1434 7007
2654 7008
1004 7009
761 7010
2061 7011
3396 7012
206 7013
1045 7014
4871 7015
6618 7016
4490 7017
5346 7018
6650 7019
2905 7020
5058 7021
315 7022
52 7023
495 7024
3356 7025
3603 7026
218 7027
4022 7028
5658 7029
1295 7030
2827 7031
4195 7032
6129 7033
5379 7034
4329 7035
190 7036
7018 7037
5787 7038
771 7039
6709 7040
4340 7041
6400 7042
2894 7043
4733 7044
4524 7045
5163 7046
1887 7047
4742 7048
5131 7049
6589 7050
2504 7051
382 7052
1648 7053
6090 7054
1441 7055
5517 7056
2604 7057
1702 7058
5541 7059
546 7060
1476 7061
3766 7062
2452 7063
2341 7064
2130 7065
3078 7066
3259 7067
2579 7068
1184 7069
2450 7070
1930 7071
5296 7072
5340 7073
3660 7074
6165 7075
128 7076
6890 7077
3472 7078
5186 7079
6265 7080
5837 7081
5760 7082
3949 7083
5933 7084
1623 7085
6624 7086
1727 7087
5490 7088
4828 7089
4648 7090
4279 7091
4649 7092
5595 7093
6901 7094
5691 7095
1353 7096
268 7097
4838 7098
2650 7099
88 7100
1391 7101
3855 7102
3070 7103
4066 7104
2436 7105
4828 7106
7057 7107
3688 7108
4009 7109
1765 7110
207 7111
1207 7112
7080 7113
938 7114
3982 7115
1569 7116
3969 7117
2922 7118
1111 7119
3950 7120
1164 7121
3424 7122
489 7123
2671 7124
4697 7125
2792 7126
5540 7127
119 7128
5359 7129
231 7130
7059 7131
1463 7132
4374 7133
5330 7134
1128 7135
3421 7136
5260 7137
1652 7138
3665 7139
3903 7140
2756 7141
6741 7142
3074 7143
2008 7144
778 7145
5474 7146
4971 7147
37 7148
5488 7149
6750 7150
6457 7151
2637 7152
2301 7153
5294 7154
6143 7155
1149 7156
1152 7157
660 7158
4599 7159
5114 7160
609 7161
5728 7162
7158 7163
2274 7164
2633 7165
5847 7166
1588 7167
1115 7168
5397 7169
2294 7170
6952 7171
5171 7172
987 7173
57 7174
3729 7175
2339 7176
4341 7177
2766 7178
4058 7179
584 7180
2824 7181
1634 7182
1107 7183
574 7184
6845 7185
4915 7186
247 7187
1571 7188
6032 7189
4660 7190
204 7191
4589 7192
1820 7193
1963 7194
60 7195
4013 7196
3144 7197
3158 7198
5735 7199
6013 7200
62 7201
5905 7202
1822 7203
6156 7204
2086 7205
2825 7206
1193 7207
3193 7208
5816 7209
3651 7210
822 7211
2467 7212
3511 7213
5781 7214
2342 7215
6639 7216
4094 7217
4472 7218
2164 7219
2608 7220
1443 7221
4240 7222
3122 7223
1056 7224
6871 7225
4391 7226
2885 7227
2158 7228
1736 7229
1893 7230
6266 7231
519 7232
487 7233
4993 7234
5545 7235
5234 7236
4630 7237
5047 7238
458 7239
6483 7240
5227 7241
3964 7242
5242 7243
1715 7244
6619 7245
2845 7246
3695 7247
4099 7248
4512 7249
614 7250
3729 7251
4730 7252
4255 7253
6453 7254
462 7255
2570 7256
1059 7257
3774 7258
1467 7259
4221 7260
3648 7261
6594 7262
5023 7263
1674 7264
976 7265
6190 7266
1960 7267
1784 7268
646 7269
3607 7270
2090 7271
2282 7272
598 7273
4456 7274
2778 7275
175 7276
1679 7277
5841 7278
6916 7279
7157 7280
193 7281
2095 7282
3138 7283
4635 7284
931 7285
2778 7286
7266 7287
6089 7288
1670 7289
1387 7290
287 7291
3032 7292
900 7293
42 7294
1530 7295
5653 7296
4922 7297
6990 7298
2329 7299
125 7300
4554 7301
4358 7302
3587 7303
7210 7304
5314 7305
3389 7306
3992 7307
6999 7308
1111 7309
5303 7310
6289 7311
6430 7312
3683 7313
2841 7314
3499 7315
2078 7316
3419 7317
5345 7318
1504 7319
4881 7320
6506 7321
5887 7322
1682 7323
917 7324
5396 7325
4108 7326
5941 7327
6581 7328
4900 7329
3400 7330
5379 7331
681 7332
3883 7333
6388 7334
4167 7335
2614 7336
5838 7337
3107 7338
457 7339
2816 7340
6952 7341
859 7342
5929 7343
4131 7344
2133 7345
2842 7346
1937 7347
5763 7348
2400 7349
409 7350
6175 7351
4486 7352
6910 7353
6691 7354
4747 7355
1467 7356
3105 7357
4894 7358
5421 7359
6749 7360
5070 7361
3049 7362
7273 7363
1647 7364
3755 7365
5651 7366
1602 7367
3351 7368
194 7369
1207 7370
1008 7371
2567 7372
7036 7373
6210 7374
1207 7375
7368 7376
2727 7377
6063 7378
367 7379
6200 7380
3241 7381
2140 7382
2052 7383
4093 7384
2186 7385
3855 7386
5106 7387
6705 7388
2634 7389
5233 7390
3943 7391
676 7392
4281 7393
1513 7394
3225 7395
1252 7396
5268 7397
978 7398
987 7399
5194 7400
5639 7401
7166 7402
5389 7403
3261 7404
6757 7405
6353 7406
4447 7407
2944 7408
3946 7409
3775 7410
673 7411
6062 7412
5226 7413
6120 7414
725 7415
5635 7416
5687 7417
89 7418
3859 7419
2514 7420
19 7421
4436 7422
4738 7423
5841 7424
3939 7425
6649 7426
1933 7427
3974 7428
3921 7429
3369 7430
1822 7431
1731 7432
4915 7433
3831 7434
5362 7435
3528 7436
5667 7437
170 7438
4691 7439
5674 7440
221 7441
1062 7442
2760 7443
2805 7444
7295 7445
7115 7446
6565 7447
1330 7448
2212 7449
1531 7450
1254 7451
2402 7452
2976 7453
4568 7454
4196 7455
5582 7456
4110 7457
4936 7458
5257 7459
3988 7460
1739 7461
3177 7462
3502 7463
3216 7464
6016 7465
2982 7466
6630 7467
1472 7468
3040 7469
1714 7470
5718 7471
5983 7472
6112 7473
6286 7474
5316 7475
7306 7476
3845 7477
1406 7478
1286 7479
6242 7480
6025 7481
608 7482
4920 7483
5808 7484
5490 7485
6933 7486
3283 7487
2945 7488
2553 7489
3634 7490
374 7491
2046 7492
6493 7493
7157 7494
3408 7495
3164 7496
6438 7497
5081 7498
4356 7499
2499 7500
3130 7501
7310 7502
4713 7503
1830 7504
3907 7505
5821 7506
5991 7507
3609 7508
1895 7509
187 7510
7186 7511
5 7512
2886 7513
6789 7514
5912 7515
5345 7516
3780 7517
4560 7518
3428 7519
4374 7520
997 7521
2884 7522
1177 7523
885 7524
5667 7525
2826 7526
5354 7527
4692 7528
3187 7529
2732 7530
466 7531
4454 7532
6984 7533
4773 7534
4164 7535
3071 7536
5670 7537
2360 7538
3810 7539
3100 7540
2609 7541
1871 7542
3367 7543
5047 7544
2836 7545
2844 7546
6622 7547
126 7548
2418 7549
567 7550
5949 7551
2924 7552
3600 7553
6823 7554
6436 7555
398 7556
1233 7557
3231 7558
5530 7559
6538 7560
5537 7561
795 7562
186 7563
6248 7564
4178 7565
933 7566
825 7567
4074 7568
4938 7569
7274 7570
804 7571
1400 7572
3923 7573
4179 7574
3845 7575
1821 7576
2354 7577
5678 7578
293 7579
2631 7580
676 7581
4065 7582
5837 7583
5093 7584
7548 7585
6782 7586
5468 7587
2829 7588
591 7589
4193 7590
4827 7591
2028 7592
7495 7593
5472 7594
1245 7595
394 7596
5621 7597
198 7598
1295 7599
3056 7600
6462 7601
5650 7602
7123 7603
3485 7604
6289 7605
5579 7606
4358 7607
234 7608
4648 7609
6659 7610
1673 7611
244 7612
6151 7613
4710 7614
778 7615
488 7616
5800 7617
199 7618
3666 7619
4380 7620
4162 7621
1077 7622
5924 7623
5284 7624
2965 7625
2661 7626
5833 7627
5516 7628
4183 7629
6938 7630
4017 7631
1319 7632
2770 7633
6745 7634
2609 7635
5927 7636
6500 7637
5556 7638
873 7639
3863 7640
5174 7641
1733 7642
7596 7643
3621 7644
3126 7645
6765 7646
7054 7647
2701 7648
4725 7649
5612 7650
3446 7651
2136 7652
5129 7653
1643 7654
5133 7655
4401 7656
4467 7657
1539 7658
7443 7659
5734 7660
6054 7661
5668 7662
5873 7663
637 7664
3591 7665
6206 7666
2719 7667
5055 7668
3455 7669
2470 7670
5080 7671
6122 7672
7269 7673
6336 7674
3750 7675
2123 7676
801 7677
385 7678
2043 7679
5209 7680
961 7681
1404 7682
1460 7683
5288 7684
6184 7685
553 7686
1840 7687
6315 7688
4490 7689
5802 7690
776 7691
7398 7692
4481 7693
3516 7694
4897 7695
6084 7696
6252 7697
2283 7698
3164 7699
1799 7700
1419 7701
4027 7702
4391 7703
4737 7704
452 7705
6994 7706
5993 7707
7571 7708
656 7709
2930 7710
2965 7711
6925 7712
78 7713
125 7714
2135 7715
479 7716
6219 7717
1769 7718
2926 7719
2747 7720
6001 7721
3548 7722
1205 7723
2939 7724
7437 7725
1813 7726
7392 7727
5612 7728
401 7729
5257 7730
179 7731
209 7732
2598 7733
4457 7734
5157 7735
1646 7736
5971 7737
1123 7738
1027 7739
4589 7740
4352 7741
6984 7742
386 7743
7649 7744
1179 7745
6027 7746
6083 7747
4436 7748
3635 7749
6877 7750
3541 7751
362 7752
1584 7753
1226 7754
6185 7755
1115 7756
1789 7757
6995 7758
5769 7759
5730 7760
2054 7761
5075 7762
5349 7763
5214 7764
4342 7765
338 7766
889 7767
2022 7768
3066 7769
1259 7770
2745 7771
5369 7772
244 7773
4632 7774
1455 7775
5981 7776
1001 7777
3037 7778
2216 7779
2860 7780
895 7781
3119 7782
6519 7783
3244 7784
4696 7785
7129 7786
6995 7787
7411 7788
3601 7789
2002 7790
5672 7791
1731 7792
252 7793
3749 7794
5553 7795
6245 7796
2774 7797
5139 7798
1475 7799
7219 7800
1834 7801
4517 7802
6185 7803
6860 7804
6808 7805
6682 7806
5292 7807
5900 7808
1782 7809
4511 7810
1736 7811
937 7812
7643 7813
3212 7814
2212 7815
3104 7816
2407 7817
2216 7818
4594 7819
602 7820
961 7821
4102 7822
2269 7823
3891 7824
1985 7825
5900 7826
852 7827
3802 7828
3266 7829
3909 7830
6240 7831
7581 7832
5649 7833
6589 7834
6956 7835
1529 7836
5452 7837
4245 7838
6768 7839
5867 7840
6724 7841
1674 7842
501 7843
989 7844
2968 7845
6071 7846
6408 7847
407 7848
6751 7849
3317 7850
4774 7851
1662 7852
6073 7853
4217 7854
6741 7855
3573 7856
5559 7857
2715 7858
3348 7859
3642 7860
5647 7861
1572 7862
6186 7863
295 7864
2929 7865
7178 7866
6314 7867
3681 7868
4877 7869
5551 7870
4913 7871
3427 7872
3154 7873
7443 7874
4745 7875
6707 7876
4512 7877
5371 7878
7845 7879
6680 7880
1120 7881
586 7882
6809 7883
6106 7884
6714 7885
3415 7886
5401 7887
5467 7888
1262 7889
3072 7890
5804 7891
5626 7892
948 7893
6287 7894
4597 7895
1414 7896
2018 7897
2486 7898
791 7899
3844 7900
606 7901
1888 7902
4367 7903
7126 7904
2337 7905
4965 7906
1047 7907
5554 7908
1201 7909
3938 7910
7604 7911
6234 7912
2296 7913
4458 7914
3246 7915
4151 7916
3775 7917
1772 7918
6835 7919
2169 7920
6036 7921
977 7922
4674 7923
3917 7924
4209 7925
5885 7926
4090 7927
5334 7928
1410 7929
5059 7930
7270 7931
7830 7932
1551 7933
4919 7934
484 7935
2163 7936
2096 7937
3531 7938
3079 7939
6420 7940
1550 7941
2799 7942
2158 7943
3014 7944
889 7945
6317 7946
6692 7947
6871 7948
4676 7949
7937 7950
2877 7951
860 7952
1963 7953
2028 7954
5602 7955
2329 7956
1678 7957
3443 7958
1962 7959
2730 7960
5099 7961
3419 7962
2860 7963
6907 7964
8 7965
1723 7966
4146 7967
3177 7968
4446 7969
501 7970
5862 7971
3878 7972
3672 7973
6133 7974
7407 7975
6762 7976
5202 7977
4008 7978
7529 7979
2347 7980
7010 7981
6697 7982
4872 7983
1877 7984
50 7985
2526 7986
5309 7987
5850 7988
780 7989
6088 7990
186 7991
3025 7992
4084 7993
6316 7994
2166 7995
6919 7996
662 7997
7234 7998
4623 7999
4274 8000
6926 8001
3081 8002
2551 8003
1142 8004
7705 8005
6496 8006
7167 8007
3242 8008
7635 8009
2701 8010
6945 8011
5126 8012
688 8013
1646 8014
313 8015
7617 8016
3017 8017
7789 8018
5212 8019
359 8020
5433 8021
6651 8022
7493 8023
2664 8024
54 8025
3713 8026
1334 8027
1371 8028
3332 8029
5618 8030
2814 8031
5719 8032
6269 8033
2775 8034
5162 8035
6071 8036
7907 8037
1488 8038
7385 8039
2205 8040
2884 8041
4349 8042
1457 8043
6071 8044
3382 8045
5235 8046
2470 8047
2341 8048
4993 8049
6086 8050
5953 8051
3907 8052
6439 8053
4108 8054
1496 8055
2887 8056
5223 8057
5050 8058
3874 8059
7849 8060
4422 8061
2464 8062
6623 8063
2224 8064
3181 8065
1911 8066
779 8067
3757 8068
4990 8069
1522 8070
1369 8071
4382 8072
4838 8073
5509 8074
1794 8075
7509 8076
2012 8077
6598 8078
5765 8079
5219 8080
7593 8081
8001 8082
2928 8083
4302 8084
322 8085
5932 8086
1366 8087
2266 8088
6721 8089
6258 8090
1302 8091
2167 8092
5356 8093
6842 8094
331 8095
2403 8096
6109 8097
3685 8098
7943 8099
583 8100
2824 8101
3325 8102
1138 8103
7274 8104
2048 8105
6346 8106
1982 8107
4306 8108
526 8109
2418 8110
6809 8111
7121 8112
897 8113
6339 8114
7144 8115
7677 8116
4496 8117
1829 8118
6413 8119
1882 8120
1803 8121
735 8122
1485 8123
4178 8124
5427 8125
5167 8126
636 8127
1838 8128
6413 8129
3806 8130
1562 8131
1395 8132
2495 8133
376 8134
1741 8135
4276 8136
6514 8137
4464 8138
2891 8139
6907 8140
6397 8141
6497 8142
4239 8143
1561 8144
3513 8145
6585 8146
6016 8147
6026 8148
2183 8149
857 8150
4778 8151
538 8152
6085 8153
3539 8154
5342 8155
7844 8156
6454 8157
2667 8158
3124 8159
8097 8160
157 8161
767 8162
7836 8163
3693 8164
3586 8165
43 8166
7960 8167
427 8168
1165 8169
826 8170
5278 8171
8152 8172
900 8173
3625 8174
709 8175
108 8176
5473 8177
3099 8178
5714 8179
127 8180
4046 8181
6177 8182
703 8183
6128 8184
3976 8185
3084 8186
8091 8187
1497 8188
7637 8189
4618 8190
2043 8191
5169 8192
5806 8193
7662 8194
5357 8195
1903 8196
5833 8197
1132 8198
7715 8199
532 8200
8119 8201
1530 8202
6925 8203
4603 8204
4799 8205
3503 8206
2829 8207
2452 8208
5898 8209
7303 8210
7790 8211
3004 8212
2625 8213
1256 8214
6848 8215
2725 8216
875 8217
4063 8218
6481 8219
5929 8220
940 8221
3024 8222
7405 8223
1298 8224
2591 8225
7131 8226
3255 8227
5243 8228
6932 8229
5864 8230
2739 8231
1279 8232
1106 8233
4493 8234
107 8235
7775 8236
5283 8237
16 8238
5770 8239
4569 8240
3907 8241
2623 8242
1459 8243
4367 8244
7261 8245
5249 8246
452 8247
4385 8248
6630 8249
5363 8250
2218 8251
7874 8252
6952 8253
4997 8254
1186 8255
5894 8256
3600 8257
1853 8258
3070 8259
1799 8260
2920 8261
4800 8262
1500 8263
535 8264
3654 8265
6778 8266
2405 8267
5654 8268
4079 8269
7914 8270
4065 8271
5626 8272
6732 8273
5699 8274
2376 8275
5687 8276
5377 8277
5799 8278
7074 8279
5868 8280
2617 8281
2229 8282
8110 8283
2382 8284
6244 8285
3708 8286
4963 8287
2598 8288
8001 8289
790 8290
2247 8291
664 8292
2216 8293
5950 8294
8189 8295
1806 8296
489 8297
2634 8298
285 8299
654 8300
1111 8301
754 8302
7954 8303
241 8304
2614 8305
2044 8306
1459 8307
1267 8308
6269 8309
7684 8310
6100 8311
383 8312
7917 8313
6680 8314
3845 8315
6153 8316
5272 8317
6663 8318
3930 8319
3572 8320
3955 8321
650 8322
14 8323
3872 8324
6224 8325
5087 8326
7961 8327
2395 8328
4045 8329
4657 8330
6839 8331
7594 8332
3819 8333
5837 8334
1191 8335
2685 8336
1856 8337
5265 8338
7229 8339
7438 8340
6765 8341
164 8342
595 8343
1397 8344
3449 8345
6837 8346
2515 8347
4050 8348
260 8349
3839 8350
1496 8351
5380 8352
2533 8353
4177 8354
1336 8355
4651 8356
5856 8357
63 8358
3557 8359
5323 8360
2905 8361
2759 8362
6894 8363
7410 8364
2643 8365
8231 8366
4383 8367
6095 8368
2218 8369
1677 8370
1162 8371
6515 8372
4674 8373
7693 8374
3407 8375
5319 8376
6517 8377
1236 8378
6556 8379
4192 8380
5301 8381
8289 8382
4915 8383
2208 8384
3031 8385
7568 8386
7862 8387
5718 8388
3753 8389
6844 8390
3466 8391
3992 8392
4957 8393
4617 8394
735 8395
5658 8396
2988 8397
902 8398
3047 8399
6506 8400
3012 8401
5120 8402
1610 8403
8398 8404
5506 8405
1018 8406
6624 8407
4534 8408
1849 8409
3300 8410
2425 8411
2008 8412
7685 8413
509 8414
371 8415
2759 8416
4713 8417
3817 8418
3774 8419
1588 8420
1998 8421
5545 8422
2043 8423
4909 8424
1073 8425
3133 8426
2170 8427
3591 8428
7129 8429
5217 8430
1765 8431
6549 8432
2446 8433
4451 8434
8408 8435
4711 8436
1804 8437
1426 8438
6563 8439
8033 8440
1702 8441
8004 8442
7970 8443
4913 8444
3011 8445
3088 8446
8306 8447
7125 8448
3388 8449
6224 8450
5604 8451
5075 8452
4147 8453
4698 8454
6163 8455
3527 8456
6758 8457
4942 8458
1995 8459
5154 8460
4326 8461
3693 8462
5971 8463
4003 8464
6121 8465
5181 8466
2347 8467
8086 8468
2437 8469
6200 8470
2465 8471
939 8472
11 8473
2984 8474
8149 8475
7327 8476
8048 8477
7225 8478
8478 8479
7497 8480
3375 8481
5017 8482
1881 8483
313 8484
1785 8485
1326 8486
7870 8487
4182 8488
6595 8489
2361 8490
4259 8491
4690 8492
428 8493
5619 8494
526 8495
1367 8496
4516 8497
791 8498
2917 8499
7018 8500
6558 8501
3713 8502
6221 8503
1 8504
6432 8505
8277 8506
5021 8507
3036 8508
4662 8509
4248 8510
4093 8511
3319 8512
1506 8513
517 8514
3555 8515
3997 8516
3854 8517
5743 8518
6342 8519
1694 8520
2040 8521
6166 8522
893 8523
1738 8524
1641 8525
708 8526
8013 8527
453 8528
7504 8529
6444 8530
834 8531
7265 8532
2584 8533
7098 8534
4351 8535
2605 8536
6245 8537
7460 8538
4683 8539
1460 8540
6763 8541
8479 8542
4716 8543
788 8544
885 8545
3301 8546
4892 8547
8543 8548
4820 8549
6162 8550
6364 8551
624 8552
3686 8553
1758 8554
3553 8555
5908 8556
7627 8557
2529 8558
3508 8559
2616 8560
59 8561
4446 8562
2681 8563
267 8564
4926 8565
4531 8566
1707 8567
3157 8568
7683 8569
2377 8570
4373 8571
89 8572
5454 8573
4652 8574
7649 8575
6186 8576
4745 8577
6613 8578
8028 8579
3220 8580
4482 8581
4556 8582
2640 8583
8209 8584
2027 8585
3398 8586
1435 8587
7889 8588
3902 8589
4273 8590
3279 8591
2242 8592
6247 8593
2262 8594
1481 8595
7569 8596
4037 8597
5798 8598
7525 8599
4577 8600
3704 8601
3504 8602
360 8603
4524 8604
2476 8605
7126 8606
5735 8607
160 8608
957 8609
8384 8610
4835 8611
1179 8612
5869 8613
4693 8614
907 8615
644 8616
585 8617
3654 8618
348 8619
2688 8620
2192 8621
2441 8622
6311 8623
4207 8624
6803 8625
3129 8626
4731 8627
3333 8628
6387 8629
5474 8630
6590 8631
7360 8632
1950 8633
1946 8634
5635 8635
7453 8636
6099 8637
862 8638
1372 8639
950 8640
6513 8641
5155 8642
6055 8643
240 8644
311 8645
2084 8646
7782 8647
1305 8648
1616 8649
7604 8650
4687 8651
5466 8652
7899 8653
4366 8654
2437 8655
2262 8656
4959 8657
4800 8658
202 8659
3409 8660
4058 8661
6826 8662
1739 8663
6037 8664
4757 8665
146 8666
6822 8667
6302 8668
1421 8669
944 8670
4272 8671
4959 8672
5541 8673
8281 8674
2235 8675
968 8676
6178 8677
8176 8678
4003 8679
7334 8680
5750 8681
2077 8682
8218 8683
3617 8684
382 8685
5241 8686
569 8687
8485 8688
6092 8689
7765 8690
1001 8691
3442 8692
3797 8693
7888 8694
932 8695
566 8696
6923 8697
2622 8698
649 8699
2366 8700
6128 8701
3796 8702
4315 8703
4949 8704
986 8705
439 8706
8167 8707
2993 8708
7166 8709
7949 8710
6658 8711
3687 8712
5501 8713
2843 8714
7147 8715
6390 8716
8265 8717
3336 8718
7511 8719
5494 8720
4856 8721
2246 8722
791 8723
2330 8724
2224 8725
732 8726
2851 8727
5852 8728
6258 8729
6667 8730
6940 8731
1216 8732
8444 8733
4284 8734
5127 8735
2943 8736
6607 8737
4445 8738
7746 8739
8132 8740
725 8741
6970 8742
1678 8743
3139 8744
6508 8745
1033 8746
2307 8747
3548 8748
5709 8749
1421 8750
120 8751
5629 8752
3109 8753
1070 8754
4748 8755
395 8756
8240 8757
7331 8758
721 8759
1548 8760
1785 8761
7145 8762
362 8763
638 8764
6827 8765
3097 8766
738 8767
3322 8768
2180 8769
6179 8770
3451 8771
3581 8772
7493 8773
408 8774
2952 8775
2771 8776
7587 8777
4304 8778
7004 8779
3444 8780
7256 8781
2118 8782
1 8783
2314 8784
3203 8785
1619 8786
3721 8787
8082 8788
8356 8789
6799 8790
619 8791
4143 8792
3441 8793
1450 8794
2146 8795
1326 8796
3043 8797
80 8798
8399 8799
7491 8800
601 8801
6966 8802
1292 8803
6636 8804
5073 8805
6022 8806
5178 8807
8269 8808
7474 8809
7413 8810
6131 8811
3239 8812
2756 8813
1735 8814
7190 8815
3269 8816
3232 8817
2187 8818
6652 8819
6264 8820
5348 8821
4309 8822
901 8823
6525 8824
3944 8825
3772 8826
4506 8827
1568 8828
5543 8829
752 8830
5000 8831
2101 8832
5167 8833
8219 8834
5061 8835
6461 8836
7745 8837
4008 8838
5064 8839
6549 8840
2458 8841
2502 8842
3683 8843
8076 8844
4653 8845
8502 8846
5501 8847
631 8848
7630 8849
7627 8850
4473 8851
833 8852
3772 8853
3071 8854
8400 8855
680 8856
8000 8857
3652 8858
8697 8859
2473 8860
5100 8861
2685 8862
3642 8863
5715 8864
7877 8865
6050 8866
3076 8867
6761 8868
5309 8869
1705 8870
3675 8871
6881 8872
5698 8873
3190 8874
326 8875
6350 8876
2649 8877
8397 8878
3939 8879
6762 8880
8396 8881
4676 8882
5079 8883
3654 8884
5996 8885
2917 8886
2018 8887
2271 8888
4216 8889
3741 8890
4883 8891
4832 8892
2068 8893
8343 8894
2437 8895
4154 8896
2843 8897
6406 8898
2038 8899
7373 8900
6862 8901
7726 8902
4939 8903
5398 8904
7242 8905
4456 8906
3270 8907
3936 8908
1594 8909
1554 8910
2397 8911
5437 8912
5498 8913
3621 8914
1473 8915
5795 8916
3121 8917
8022 8918
3813 8919
2450 8920
6104 8921
8682 8922
2864 8923
2137 8924
5213 8925
2189 8926
7171 8927
3568 8928
210 8929
1996 8930
2124 8931
3941 8932
2183 8933
4882 8934
6016 8935
1774 8936
955 8937
3054 8938
3217 8939
2279 8940
6079 8941
6188 8942
6303 8943
3454 8944
169 8945
2930 8946
1869 8947
7065 8948
5146 8949
4709 8950
3849 8951
2897 8952
3913 8953
7811 8954
6386 8955
2761 8956
2918 8957
8644 8958
5642 8959
8692 8960
136 8961
2364 8962
845 8963
2853 8964
6704 8965
1635 8966
8102 8967
901 8968
4419 8969
7222 8970
6279 8971
2670 8972
3360 8973
215 8974
1363 8975
422 8976
3272 8977
6164 8978
3119 8979
1200 8980
5196 8981
8020 8982
2118 8983
3259 8984
3106 8985
5650 8986
7451 8987
4484 8988
7000 8989
1704 8990
6604 8991
6094 8992
6751 8993
1328 8994
4325 8995
8467 8996
7017 8997
3038 8998
2535 8999
717 9000
5740 9001
1372 9002
3816 9003
5892 9004
3194 9005
7156 9006
6876 9007
1670 9008
6407 9009
1241 9010
8618 9011
3778 9012
5569 9013
6336 9014
7978 9015
5230 9016
5051 9017
8145 9018
2737 9019
5241 9020
7621 9021
8951 9022
5167 9023
5951 9024
6582 9025
5514 9026
4382 9027
1493 9028
4247 9029
3331 9030
953 9031
7168 9032
966 9033
5520 9034
5134 9035
1384 9036
2635 9037
6771 9038
6541 9039
247 9040
8454 9041
5844 9042
1737 9043
8995 9044
2363 9045
8768 9046
7384 9047
4207 9048
2116 9049
383 9050
7861 9051
1182 9052
3055 9053
5483 9054
2036 9055
3742 9056
3694 9057
8995 9058
2911 9059
998 9060
1269 9061
7245 9062
6029 9063
6731 9064
7031 9065
2200 9066
3260 9067
226 9068
3657 9069
789 9070
8188 9071
5576 9072
8005 9073
7793 9074
7490 9075
7566 9076
4245 9077
8252 9078
4670 9079
3590 9080
6302 9081
722 9082
5249 9083
8 9084
425 9085
1321 9086
3747 9087
5724 9088
741 9089
7218 9090
6030 9091
4020 9092
927 9093
2985 9094
7531 9095
1824 9096
4801 9097
8828 9098
2247 9099
204 9100
2432 9101
4172 9102
6013 9103
4837 9104
1157 9105
4056 9106
1585 9107
2133 9108
2959 9109
4598 9110
3590 9111
695 9112
6040 9113
9074 9114
7649 9115
2920 9116
6832 9117
1452 9118
8247 9119
4162 9120
1117 9121
8862 9122
5970 9123
8946 9124
2558 9125
5718 9126
2160 9127
2840 9128
8011 9129
1036 9130
8975 9131
2766 9132
1058 9133
5597 9134
3521 9135
6387 9136
5749 9137
6613 9138
527 9139
8954 9140
58 9141
729 9142
385 9143
6826 9144
7666 9145
8174 9146
4996 9147
4839 9148
4402 9149
3787 9150
6107 9151
4080 9152
2069 9153
3124 9154
3728 9155
6459 9156
7848 9157
8126 9158
7087 9159
7614 9160
6061 9161
3156 9162
5852 9163
4335 9164
8601 9165
6701 9166
7311 9167
3845 9168
4405 9169
4529 9170
7807 9171
7134 9172
4849 9173
4357 9174
8196 9175
2369 9176
7764 9177
8691 9178
2623 9179
545 9180
1401 9181
4328 9182
5787 9183
3526 9184
3054 9185
2612 9186
8960 9187
1974 9188
1823 9189
2769 9190
4646 9191
3265 9192
8255 9193
7916 9194
6201 9195
4393 9196
2352 9197
8207 9198
1713 9199
5644 9200
1974 9201
5937 9202
547 9203
7012 9204
7292 9205
6624 9206
3471 9207
1751 9208
7583 9209
1714 9210
4886 9211
3609 9212
7368 9213
1036 9214
3997 9215
8475 9216
1350 9217
8277 9218
7088 9219
7308 9220
4750 9221
1206 9222
8991 9223
8498 9224
6290 9225
4097 9226
4231 9227
8483 9228
951 9229
2715 9230
8581 9231
1724 9232
5879 9233
187 9234
6606 9235
1377 9236
6031 9237
7735 9238
89 9239
7389 9240
7569 9241
6025 9242
2674 9243
5762 9244
3416 9245
6934 9246
2419 9247
4131 9248
4287 9249
8022 9250
1410 9251
9033 9252
5558 9253
7225 9254
2071 9255
2645 9256
2861 9257
6833 9258
8692 9259
7411 9260
198 9261
7240 9262
7476 9263
1379 9264
8856 9265
9003 9266
7498 9267
882 9268
5423 9269
2440 9270
9048 9271
3200 9272
6365 9273
9222 9274
1658 9275
6496 9276
1047 9277
7580 9278
6638 9279
4071 9280
5304 9281
7890 9282
2433 9283
6095 9284
7713 9285
2960 9286
4761 9287
7124 9288
3416 9289
705 9290
6080 9291
2259 9292
998 9293
8890 9294
2677 9295
5492 9296
8313 9297
5688 9298
8235 9299
5603 9300
1938 9301
7005 9302
7254 9303
6870 9304
1704 9305
4106 9306
4636 9307
4892 9308
3999 9309
4863 9310
5797 9311
4182 9312
5970 9313
3924 9314
1656 9315
3207 9316
8625 9317
3596 9318
527 9319
1705 9320
5116 9321
5548 9322
4340 9323
8691 9324
6410 9325
6056 9326
8878 9327
1622 9328
6795 9329
4112 9330
5054 9331
294 9332
6206 9333
7580 9334
3774 9335
9079 9336
2811 9337
66 9338
5750 9339
6024 9340
5223 9341
4992 9342
6204 9343
7162 9344
2475 9345
2425 9346
3518 9347
1072 9348
4926 9349
8583 9350
6893 9351
5190 9352
2895 9353
6227 9354
8356 9355
6949 9356
6422 9357
523 9358
4626 9359
2763 9360
5548 9361
714 9362
3796 9363
3174 9364
5543 9365
2714 9366
3265 9367
3231 9368
1559 9369
90 9370
3252 9371
2183 9372
5080 9373
803 9374
2642 9375
8858 9376
1829 9377
5719 9378
2755 9379
4705 9380
7182 9381
8867 9382
8528 9383
7772 9384
7219 9385
5714 9386
6951 9387
9013 9388
5383 9389
4135 9390
2833 9391
5820 9392
8974 9393
8034 9394
901 9395
1793 9396
5287 9397
2395 9398
4365 9399
5039 9400
6499 9401
1074 9402
6899 9403
1683 9404
3056 9405
5513 9406
4412 9407
6105 9408
991 9409
5163 9410
5975 9411
7014 9412
4575 9413
5196 9414
7428 9415
1251 9416
3624 9417
3316 9418
3278 9419
8376 9420
3376 9421
1064 9422
6847 9423
6406 9424
2449 9425
7251 9426
683 9427
7694 9428
2260 9429
2270 9430
2922 9431
2037 9432
1176 9433
3602 9434
4542 9435
2834 9436
5233 9437
4307 9438
1392 9439
8650 9440
3290 9441
8912 9442
7247 9443
5290 9444
8272 9445
3897 9446
6505 9447
3430 9448
1196 9449
7889 9450
4839 9451
8246 9452
9181 9453
2565 9454
765 9455
5339 9456
8947 9457
7960 9458
4125 9459
1388 9460
7049 9461
3348 9462
8612 9463
1855 9464
7844 9465
2210 9466
2705 9467
8274 9468
2914 9469
6279 9470
2998 9471
4177 9472
6165 9473
4292 9474
1733 9475
3233 9476
5581 9477
1936 9478
905 9479
4322 9480
8049 9481
1778 9482
5832 9483
4262 9484
5566 9485
8417 9486
7756 9487
9266 9488
3414 9489
4075 9490
8400 9491
1266 9492
3250 9493
8633 9494
1445 9495
63 9496
1033 9497
2566 9498
3475 9499
3498 9500
616 9501
6027 9502
2152 9503
8152 9504
2671 9505
1519 9506
3540 9507
8528 9508
4526 9509
5371 9510
3992 9511
2235 9512
5030 9513
8504 9514
984 9515
8826 9516
7319 9517
9478 9518
4878 9519
4220 9520
4633 9521
7158 9522
6215 9523
8032 9524
824 9525
6057 9526
907 9527
7139 9528
8830 9529
7146 9530
7432 9531
6047 9532
4073 9533
7872 9534
7551 9535
3447 9536
7435 9537
560 9538
6236 9539
3766 9540
9148 9541
8446 9542
1442 9543
3130 9544
8747 9545
7405 9546
3814 9547
7994 9548
5885 9549
949 9550
745 9551
672 9552
2588 9553
5324 9554
1831 9555
7445 9556
7882 9557
4822 9558
4307 9559
7916 9560
7748 9561
3290 9562
3094 9563
6721 9564
8235 9565
4199 9566
8688 9567
3306 9568
2022 9569
1302 9570
180 9571
2734 9572
6130 9573
1146 9574
6640 9575
3362 9576
1680 9577
161 9578
9340 9579
3648 9580
7879 9581
2409 9582
3008 9583
5953 9584
7232 9585
6732 9586
8427 9587
7702 9588
8660 9589
9158 9590
343 9591
340 9592
9257 9593
1685 9594
4633 9595
4032 9596
8281 9597
3356 9598
9335 9599
429 9600
9474 9601
6711 9602
1475 9603
3483 9604
6236 9605
103 9606
6713 9607
2484 9608
5822 9609
8404 9610
8938 9611
4416 9612
3501 9613
5368 9614
34 9615
7818 9616
1764 9617
776 9618
1752 9619
8760 9620
5102 9621
5869 9622
9153 9623
1547 9624
7319 9625
2704 9626
9411 9627
2731 9628
3560 9629
5056 9630
1025 9631
2409 9632
6813 9633
2266 9634
3224 9635
5297 9636
7450 9637
23 9638
793 9639
3356 9640
3276 9641
304 9642
2237 9643
2868 9644
5536 9645
9220 9646
2443 9647
2495 9648
2968 9649
4322 9650
5762 9651
663 9652
8801 9653
387 9654
4012 9655
6138 9656
5261 9657
5311 9658
6312 9659
8417 9660
3878 9661
6744 9662
8123 9663
7506 9664
5818 9665
5813 9666
2230 9667
8424 9668
3929 9669
7769 9670
1778 9671
5876 9672
8746 9673
4190 9674
8398 9675
6448 9676
5427 9677
2399 9678
4503 9679
7044 9680
9292 9681
5127 9682
8852 9683
9176 9684
996 9685
1030 9686
2517 9687
4173 9688
867 9689
3361 9690
4923 9691
9531 9692
945 9693
5636 9694
589 9695
5136 9696
9142 9697
4681 9698
9222 9699
2523 9700
8596 9701
6731 9702
1391 9703
6819 9704
1073 9705
6920 9706
7397 9707
4884 9708
3854 9709
5486 9710
3453 9711
414 9712
8112 9713
2981 9714
9664 9715
2097 9716
3967 9717
5412 9718
5242 9719
8562 9720
4202 9721
6898 9722
148 9723
7592 9724
492 9725
994 9726
8799 9727
8678 9728
3827 9729
9415 9730
9268 9731
533 9732
2407 9733
2816 9734
1464 9735
2879 9736
991 9737
8261 9738
5750 9739
2950 9740
1257 9741
3436 9742
4862 9743
716 9744
3461 9745
7728 9746
5014 9747
6892 9748
1586 9749
9310 9750
9282 9751
7812 9752
3681 9753
6513 9754
4539 9755
1855 9756
1140 9757
1940 9758
799 9759
1972 9760
6608 9761
5228 9762
1733 9763
3519 9764
1179 9765
7574 9766
4172 9767
6846 9768
142 9769
4115 9770
2400 9771
3312 9772
5420 9773
182 9774
7920 9775
4233 9776
2554 9777
5860 9778
7093 9779
892 9780
3017 9781
3436 9782
1285 9783
4780 9784
4360 9785
6442 9786
8323 9787
9562 9788
9403 9789
9703 9790
7348 9791
6824 9792
4397 9793
6757 9794
7942 9795
2873 9796
6622 9797
4156 9798
84 9799
8083 9800
9766 9801
366 9802
7174 9803
4344 9804
4044 9805
2796 9806
5419 9807
8035 9808
9311 9809
9774 9810
8332 9811
407 9812
2141 9813
4527 9814
9023 9815
8660 9816
9223 9817
1631 9818
447 9819
1131 9820
7415 9821
8275 9822
3369 9823
9478 9824
4874 9825
2146 9826
9621 9827
3781 9828
4742 9829
521 9830
9258 9831
8063 9832
1661 9833
8592 9834
9604 9835
4014 9836
9636 9837
7346 9838
8678 9839
513 9840
5429 9841
9297 9842
9677 9843
3887 9844
9417 9845
558 9846
6531 9847
3888 9848
8031 9849
2795 9850
9047 9851
946 9852
8751 9853
9786 9854
3028 9855
1918 9856
8936 9857
6440 9858
3642 9859
2599 9860
878 9861
6789 9862
9240 9863
8086 9864
1725 9865
155 9866
7528 9867
7480 9868
8004 9869
7882 9870
6726 9871
1908 9872
3307 9873
5855 9874
9508 9875
9266 9876
2666 9877
5461 9878
2424 9879
1218 9880
6159 9881
2863 9882
5456 9883
8980 9884
9535 9885
7414 9886
1326 9887
193 9888
934 9889
3688 9890
1556 9891
8795 9892
1243 9893
4176 9894
2433 9895
9716 9896
965 9897
9775 9898
607 9899
2712 9900
8937 9901
5980 9902
1339 9903
1379 9904
5921 9905
9749 9906
7826 9907
1549 9908
6478 9909
8095 9910
8983 9911
4212 9912
2527 9913
7583 9914
8885 9915
492 9916
4472 9917
7253 9918
4204 9919
454 9920
6564 9921
5111 9922
589 9923
1594 9924
5748 9925
3577 9926
9665 9927
1670 9928
8989 9929
6412 9930
2400 9931
2447 9932
9521 9933
794 9934
5497 9935
1137 9936
1431 9937
790 9938
5980 9939
2805 9940
123 9941
7761 9942
8513 9943
6644 9944
3655 9945
9617 9946
7244 9947
5741 9948
7401 9949
8390 9950
5394 9951
3053 9952
66 9953
3765 9954
5117 9955
5810 9956
9320 9957
2472 9958
4743 9959
1102 9960
3565 9961
9579 9962
7199 9963
4607 9964
710 9965
3070 9966
5241 9967
8719 9968
3037 9969
5398 9970
2636 9971
7310 9972
4564 9973
5225 9974
3517 9975
4674 9976
6792 9977
4898 9978
4247 9979
8262 9980
9670 9981
7834 9982
1372 9983
5980 9984
737 9985
8749 9986
9398 9987
8848 9988
4762 9989
6658 9990
4956 9991
1755 9992
6782 9993
4158 9994
1024 9995
5338 9996
9412 9997
1947 9998
3612 9999
5630 10000
