14 86
5 7 11
9 10 50
4 13 78
11 5 53
2 10 75
6 2 81
5 6 32
13 6 95
7 13 47
6 8 45
8 2 33
11 9 73
7 5 70
7 4 37
14 5 55
2 3 5
12 6 61
12 5 37
11 13 23
1 12 17
7 2 13
2 8 11
12 2 25
8 6 88
9 8 46
4 11 1
13 8 20
14 11 87
12 1 71
6 13 1
3 12 40
3 9 73
10 4 72
3 5 89
11 10 90
14 1 99
1 11 47
6 14 63
14 8 19
8 11 72
6 9 67
9 7 26
12 13 45
9 13 27
6 7 76
2 13 67
7 14 89
1 4 68
13 14 69
2 1 49
13 11 52
12 11 82
14 9 53
6 11 1
5 9 70
8 12 84
2 7 7
14 2 23
9 11 14
8 3 47
14 3 69
11 2 67
14 13 80
12 10 38
5 4 64
13 12 2
14 6 53
11 1 83
8 7 95
4 6 14
4 5 78
2 4 83
2 9 96
13 7 61
10 5 93
5 12 10
10 7 18
4 3 70
4 1 91
9 6 100
3 1 81
13 1 54
8 10 76
1 9 57
6 3 16
5 3 33
