100
97525643264541069297905615587615434042953881264506103281094065245355818947132411448975615304305578 2
703060882659019519658 11
462567728787187962844395416222381102960177096 42
32717343013583718758769106071500145636795779575562392606374186477795117362454471633909948731640 10
5803867938294485931 16
25416847568797009985055981 9
622625214703998077847 18
4339557278751743256411277569535104847477552260346206944833429956545175451658 47
5158796221645071250958346154866700623552301 35
0345190996511519931590087 21
0707137277688147128132198368461033344500240471902986320780351967506017916879158704647688836767616075 82
9161059593320380825252521 1
43976270641659514494932194883974878312479080613417467690297 47
11051093123546054105889007313069446269676422058922898862452008303275678761269029162836 31
423294525706358363763971153785339973603740346119965649249641093736541111659452671 33
792067790413609944564695552682066104878423847987202669141190842234466201534101601666903989610 73
305186161740455260987116926201528644765076169206989575827995394484 49
5130485430255603533204859156633457377776399352807902340967869804532552865053156306064315359 17
0885802031829558431041112547060070395467434111379242935048557 30
58707348684331971672308058976103558014567018122076315871 27
8167375712353930019349923981306847472 33
115090933405555441790158203 8
19343816005958789725040136041427 23
409701169992587544360037199054281522154715077007952 29
488 1
0881 2
4897170947085561455801887285712327835144781 24
4369342646645141828247077 7
8633861833002154180771010140839840037708577642871590004926562553056224 15
182276166322320022774333010092042664417236217981135864774446061936431769108496629023470400168654994 9
37660358464407053927956439555008051155724292420366617365 7
4110324747655881171138820449214924458445280 9
52598556772583532 3
150924422109939700 3
41719463949765224744758735956062983143693611207731569646890001009143987905951589521 66
6517089970502323077821967317170684928084121743910646162184 22
14549219094712547946929733 7
16384218139384590149631088305786413995331160433204821 21
2946494266835505645320209690894225682001846077276841158712158653090825416716063050 67
621748989460982071152721377158940061863003620620736505748666523723691014378035 71
98363894532310058918351414606349264835 10
948657033548057168675894681103960527615596313997832076596371369412588829534317454715307 11
79449493231086613720498567990724502653787599951977221777178255822566352826584451991354966968999 55
8155609577318454149734899752533600880103310287455127516982241100794402525 68
12317818222610128611115437752449378114084969146611230 30
9658575851220368397111676390787799322593900961915022197543806124961 61
26943857487111299067286504732885328787429720120094090684699279311128647263026500621 41
53956139995749207911013550454136616093903400611529171935084868984690594080189589631418420460994 25
9 0
40015546099361169726893838717502622544764323539017382550432996240410797569088 64
4529016102641547599418310642244749164 30
1 1
5847054355727812847966748928373 31
8723431828 1
49903224348425929702677179298647603578 35
2129675145435561982136680924184296833129671273586285460367493622836154594 26
88531073117950556065640639393626026878693380907024371 40
934611375457256028041562545203203 32
4107451116704929914017418178698154025059365 3
801672895430509976961077926 21
67 1
00662881948382502127289499636787635486774 39
41810207461504507231751791326341991312 6
6877980563249432776756773216089761414274674022835836170565000271689186503393676258516 3
379333626973336147895601423984770454340930503361971675888121199296733 54
71684419612730795197123272237767343686845443122012 3
414843967048770589717259545605186534574878922278596205776058876414740594830 73
898101773872065 13
7045388372618039900 15
498214400360861764065 14
0015769268508533 11
85324860905185077509652651223881510620632563989723500551357 25
44136898865830847112899282451163532968014369908 23
76383636346437692066936497079 3
625496547705535462765145370581636548668397229400847049276454261926620028 43
813540502240043597144 1
2469267631012138155493980294232677320755732876626 0
6108083131854545741307173398094932930133871791952260512 45
731132387247554224012278866063585285027141746520105558 35
102512 3
46754403440 1
5986432391480059573269537103540541074151 23
87807250303097402658903093317725822775 19
265953665006610047281494020514 24
06479672727007893997884674667603759805559351390956 48
6542473234244675400977555750521636132999244099669705691145235617 55
0006775660903836326218509612 21
3579564331373022767735153905398367657 10
708027032443290725071831116644004 8
7555987197047100632206454905596025133598753249245235605575382329851130738 3
6934673776462615321780091628953906965590866 6
9394524905874248119124378507156371596080439992134989207177174357482719674733178850979753 28
1441435463754540412473826151383038408568465808596762166384360198445847288442407935515260174374567882 53
805766718696183801 18
402143262080781778738221484482903978869908263392039864469733 27
151487897073024472877138 21
2342938061428252968250424334132078629585593806336132 41
145855827605863156945004823626200903102135698505126165565287624968893066237592854 50
5566098843734583658985390188071775239359943207435343426236201143736748881672424090 43
85872006640970851992677320026487465672103765664169109516198697282575437058221633839 22
