525643264541069297905615587615434042953881264506103281094065245355818947132411448975615304305578
119658
0
133718758769106071500145636795779575562392606374186477795117362454471633909948731640
21
14567009985055981
4
206944833429956545175451658
2201
0
316075
161059593320380825252521
114660297
266422058922898862452008303275678761269029162836
11303740346119965649249641093736541111659452671
1603989610
27995394484
4859156633457377776399352807902340967869804532552865053156306064315359
34434111379242935048557
3558014567018122076315871
2
5555441790158203
1427
12154715077007952
48
1
1212327835144781
246645141828247077
10771010140839840037708577642871590004926562553056224
112220022774333010092042664417236217981135864774446061936431769108496629023470400168654994
344407053927956439555008051155724292420366617365
244551171138820449214924458445280
25556772583532
24422109939700
551589521
11170684928084121743910646162184
1094712547946929733
1088305786413995331160433204821
63050
0
2310058918351414606349264835
57168675894681103960527615596313997832076596371369412588829534317454715307
111222566352826584451991354966968999
0
1111111084969146611230
0
120094090684699279311128647263026500621
4136616093903400611529171935084868984690594080189589631418420460994
9
56088
2164
0
0
723431828
0
2184296833129671273586285460367493622836154594
24371
0
451116704929914017418178698154025059365
26
6
0
461504507231751791326341991312
6770563249432776756773216089761414274674022835836170565000271689186503393676258516
1111126733
14419612730795197123272237767343686845443122012
0
0
0
1065
33
121510620632563989723500551357
11221163532968014369908
33636346437692066936497079
100847049276454261926620028
13540502240043597144
2469267631012138155493980294232677320755732876626
10512
2141746520105558
12
4654403440
103540541074151
317725822775
0
0
1117
1
133022767735153905398367657
2290725071831116644004
5557197047100632206454905596025133598753249245235605575382329851130738
3376462615321780091628953906965590866
1371596080439992134989207177174357482719674733178850979753
1330198445847288442407935515260174374567882
0
103978869908263392039864469733
1
6336132
11224968893066237592854
35343426236201143736748881672424090
2487465672103765664169109516198697282575437058221633839
