100 100
0110010010101000101010010100111010000001100001001000111110111110000011001000000011101101110000111111
10 86
5 7
85 99
11 42
28 68
90 99
62 86
2 59
82 97
22 91
19 76
66 91
5 29
90 97
12 79
29 63
18 42
19 27
7 95
53 93
13 13
18 65
18 49
76 85
30 61
36 55
41 43
9 72
27 61
24 84
1 76
10 78
38 40
36 100
7 63
17 72
11 19
40 84
8 29
60 69
11 81
19 100
28 47
12 65
52 66
35 41
85 85
5 77
67 81
41 78
9 100
4 97
2 95
8 91
7 93
1 99
8 98
5 95
1 93
2 94
2 98
10 90
6 93
9 99
9 92
5 93
9 90
1 96
3 96
5 94
4 91
2 96
6 94
1 99
8 95
4 90
9 100
1 100
2 95
2 98
2 97
2 96
8 97
7 93
7 98
3 99
3 92
1 91
2 96
7 91
2 92
7 95
7 92
5 93
3 93
6 98
3 100
5 91
5 91
10 95
