100 100
0110100110001010101000110110101100001110110111010100011101101011110101110111111101000110101100000110
6 9
21 71
63 75
35 50
32 47
13 57
66 100
17 83
24 80
22 72
15 59
21 79
16 98
22 56
44 81
48 76
32 48
12 84
47 54
30 61
91 98
95 97
10 37
78 86
17 31
10 71
44 79
2 31
44 49
65 73
28 45
13 45
16 43
16 51
80 99
61 69
75 82
31 35
46 100
69 83
30 67
31 82
34 38
46 96
67 82
44 100
52 57
71 73
16 41
78 90
9 98
3 99
6 99
8 99
5 97
8 92
4 90
9 99
7 96
2 95
10 95
3 90
4 98
5 92
7 97
7 92
1 97
6 93
10 96
2 100
3 90
5 90
7 93
1 98
1 97
2 90
3 96
6 94
6 93
10 94
2 97
3 97
6 92
4 91
4 99
9 91
8 97
10 95
1 93
1 100
5 94
7 93
9 91
8 96
10 95
2 95
5 92
5 92
8 90
6 91
