100 100
1100110100000110111101101000010011011101111011010100110100111111110111011101001100100100101111010001
75 96
40 54
38 43
50 61
21 75
13 41
30 67
24 63
42 72
25 95
1 62
59 99
34 83
28 83
10 14
3 76
14 75
3 17
8 100
53 78
67 88
19 33
42 55
34 37
58 76
74 82
30 87
80 100
1 66
13 90
33 39
5 17
19 73
55 81
22 87
4 86
45 71
20 75
48 84
18 31
8 96
88 88
7 82
11 12
75 92
77 98
26 61
57 63
51 83
2 60
2 100
7 95
5 93
10 94
4 96
3 93
3 91
2 95
4 94
3 94
10 100
6 99
5 99
3 94
4 96
3 92
8 93
6 92
9 92
2 95
6 93
8 93
6 98
8 98
8 95
9 95
9 93
2 92
4 91
9 92
4 97
3 92
6 91
4 95
2 95
5 97
8 90
1 94
5 99
1 92
9 93
2 91
3 94
10 91
10 98
9 98
5 98
10 90
2 95
10 91
