100 100
0001000001000110100110000110101100011010001111011110001110110110111111100010100001001000010110100101
19 42
27 37
32 98
19 78
3 43
33 38
7 26
65 96
39 92
11 69
11 77
21 50
24 52
12 76
1 55
36 98
39 94
46 57
28 82
51 53
34 43
1 75
50 74
34 56
66 89
46 77
38 81
23 78
50 90
48 53
14 26
22 98
6 95
12 62
44 93
34 48
15 27
43 81
50 69
12 75
26 38
1 77
5 94
1 79
43 49
17 52
31 40
62 67
17 54
14 75
5 91
10 100
10 99
7 97
7 95
8 95
6 93
5 94
9 92
1 93
10 93
3 96
4 90
3 95
6 95
7 91
1 98
8 90
5 99
7 100
5 95
3 97
3 92
4 99
10 94
3 99
10 100
8 91
10 100
10 92
3 95
2 97
3 90
7 99
6 92
5 91
9 94
2 91
4 96
2 94
4 94
6 99
3 98
4 96
1 92
6 90
5 90
10 98
9 98
4 93
