100 100
0000111101001110111011111011010111001101111001111110000100111010110111001000010000111000000010101000
8 18
15 96
78 95
11 28
32 86
61 62
15 16
37 43
30 66
22 96
24 53
14 59
2 41
41 48
21 91
73 94
21 21
43 75
57 96
20 99
24 88
13 30
28 82
59 67
6 67
11 48
32 58
10 48
10 47
25 73
4 34
22 94
64 71
10 25
35 99
50 92
9 16
12 73
52 54
24 92
44 80
39 42
7 34
48 90
68 82
18 19
20 36
17 52
91 96
26 58
3 94
4 95
10 91
9 92
6 92
4 96
9 96
8 91
8 90
2 100
10 99
4 95
5 91
2 96
6 94
1 90
6 94
4 98
10 95
9 95
10 97
9 100
2 99
1 99
3 93
10 92
7 97
4 100
7 98
9 91
3 94
9 90
1 99
7 94
9 99
3 95
9 97
5 90
6 91
1 98
3 94
3 97
2 100
6 91
4 97
3 94
5 96
3 95
3 91
5 95
