100 100
1001111011000010110100010001100000000010111101111110101101100110111111000000110000011111111001111011
6 41
34 79
13 34
46 48
22 82
18 90
7 24
45 54
16 66
44 99
31 63
34 97
19 81
70 96
25 30
1 21
46 71
5 47
41 85
44 71
39 64
49 54
46 90
17 91
80 82
50 83
33 51
18 21
4 95
54 65
23 91
15 67
21 23
41 64
57 74
80 98
47 60
12 58
30 83
13 73
46 61
21 31
40 51
25 39
61 75
49 59
42 56
6 84
57 75
37 72
4 95
6 90
3 96
7 97
5 91
3 97
1 97
2 99
5 100
3 99
5 92
7 94
8 93
2 98
4 92
7 90
3 99
4 96
5 91
7 91
9 100
8 93
5 93
9 99
10 92
8 98
6 92
2 98
5 96
8 90
2 94
9 97
7 98
2 97
7 95
3 90
9 100
6 99
10 98
3 100
5 95
2 94
4 93
8 97
3 90
9 95
3 90
3 93
1 95
9 95
