8
10
10 1 5 6 7 10 9 10 10 6
10
10 19 18 5 10 2 13 11 12 2
10
16 14 14 20 7 4 20 1 1 10
5
8 8 5 5 9
5
3 6 10 1 6
5
9 4 4 1 3
100
31 96 53 45 90 13 84 78 42 33 88 14 99 49 48 53 8 89 36 49 25 2 10 13 57 61 20 79 77 81 52 70 15 1 74 52 80 3 41 53 10 47 2 39 47 42 48 56 56 39 51 27 62 37 89 91 21 11 28 70 72 67 74 40 79 4 51 69 5 60 71 71 18 22 93 41 74 49 33 69 12 35 2 79 92 67 77 8 93 80 24 68 12 64 44 16 27 89 68 69
100
16 29 89 65 13 10 35 76 77 100 17 91 96 90 84 90 32 48 54 48 60 33 3 52 90 90 2 75 45 61 76 24 92 71 72 7 57 51 10 23 62 60 27 16 32 87 31 2 99 31 79 84 4 90 47 41 7 55 89 6 16 86 24 15 54 54 10 69 12 32 14 43 54 49 55 34 54 44 12 70 72 81 58 84 1 47 37 67 26 64 50 14 14 100 38 77 55 85 54 84
