10
97
39 65 55 27 15 23 60 91 67 69 9 91 38 74 91 48 98 93 45 51 17 49 20 5 44 30 99 24 28 73 36 32 92 4 72 59 5 51 15 29 46 68 34 73 89 29 39 70 4 89 73 31 28 22 65 51 41 22 38 66 83 17 38 70 11 61 23 74 32 14 3 15 7 59 84 70 8 55 37 91 31 56 47 86 91 99 88 84 50 10 35 86 43 49 70 31 3
98
79 1 33 69 48 96 53 52 16 74 65 68 67 4 63 42 25 72 17 100 68 77 73 13 65 2 61 28 11 95 72 94 93 51 39 87 35 80 41 73 20 58 43 61 19 76 53 16 29 5 67 71 13 41 73 51 92 81 75 6 10 47 30 81 79 76 66 24 74 71 46 53 30 93 62 73 4 27 96 33 14 70 71 22 71 40 14 45 9 48 59 100 65 94 10 91 79 8
96
16 55 6 99 60 29 95 27 56 34 50 32 61 21 2 43 76 91 98 69 58 67 70 97 9 38 36 67 29 52 55 19 88 74 80 15 39 26 12 25 34 30 47 90 80 80 25 66 5 36 72 5 42 42 83 75 53 52 41 73 10 70 38 30 51 81 33 27 44 71 17 16 16 59 76 88 15 1 59 57 93 30 72 26 17 34 23 39 48 56 22 64 94 42 20 90
93
2 97 77 97 62 69 40 9 61 85 36 68 48 29 86 89 97 76 12 60 75 46 88 50 93 6 93 17 51 45 59 22 32 41 92 78 50 28 66 89 88 44 70 93 27 38 79 100 26 100 56 34 30 65 2 16 14 41 15 32 89 34 62 59 7 76 44 97 52 10 72 12 8 63 76 62 72 2 99 6 32 2 80 79 70 7 37 9 74 39 26 50 76
91
10 74 75 94 25 12 66 24 21 7 62 29 8 85 82 5 39 68 47 100 46 51 19 4 94 1 66 77 26 99 17 61 27 50 81 84 36 10 78 100 50 97 69 78 93 88 93 36 37 48 95 61 22 91 6 60 8 93 36 85 24 32 50 67 73 64 48 80 64 79 35 60 36 98 29 39 3 14 53 58 68 72 97 37 78 74 22 52 35 16 99
98
23 79 49 88 4 21 96 96 41 55 29 28 44 2 83 54 46 35 79 99 28 47 35 21 84 28 7 63 40 98 67 9 71 6 10 65 57 46 30 31 95 39 61 22 49 58 26 41 79 60 82 35 9 54 43 36 39 53 65 29 37 55 32 91 48 56 3 1 31 50 53 10 75 38 54 100 84 93 74 11 45 16 90 19 76 44 1 10 71 82 20 3 48 96 19 33 19 98
93
4 78 14 36 3 40 44 68 25 99 95 51 33 88 79 23 58 96 97 39 15 17 54 61 99 64 3 7 82 58 26 46 7 39 52 18 96 90 34 99 97 84 28 58 90 81 21 2 4 21 89 83 39 12 33 19 11 6 50 44 23 80 98 43 85 41 10 80 92 14 99 12 5 82 61 25 94 67 39 62 57 63 8 80 15 48 27 2 7 89 69 10 94
96
78 50 94 40 59 80 68 98 15 26 16 97 97 86 37 38 7 47 30 91 55 95 86 37 69 3 77 41 70 62 89 10 52 98 82 8 32 45 30 100 82 69 14 34 52 1 63 26 11 94 46 100 61 74 17 40 22 93 87 14 99 71 23 62 10 59 17 22 55 35 76 87 36 37 79 96 59 84 25 23 55 89 17 34 94 43 62 91 50 88 32 92 15 93 49 32
98
61 8 72 62 62 54 60 98 35 52 95 60 73 22 86 5 86 75 93 99 77 95 28 61 24 8 60 70 32 69 64 39 89 6 64 80 99 38 93 99 42 80 27 89 55 58 30 55 68 33 26 94 37 7 7 88 61 35 13 49 13 81 88 62 58 35 10 17 73 46 24 99 50 39 29 85 10 34 39 68 24 70 92 93 29 82 2 70 44 46 75 46 71 44 18 33 20 56
96
50 40 65 92 39 27 81 36 61 23 20 78 72 17 18 91 47 47 33 11 95 56 8 58 47 74 6 37 11 3 36 88 86 65 95 38 90 74 75 60 79 73 62 85 80 70 25 71 5 94 98 5 15 9 45 87 80 50 20 14 12 11 23 49 97 91 40 9 4 2 63 9 73 80 88 54 35 98 20 17 30 22 72 76 27 72 41 49 59 96 25 55 32 9 1 39
