1000 182
12 44 764 71 387 785 251 935 444 961 175 846 876 615 594 146 701 365 922 639 693 890 123 829 473 627 703 207 812 896 145 775 314 628 240 210 143 363 1000 348 986 86 659 131 537 584 603 26 565 625 237 580 303 690 668 956 588 185 331 248 107 766 826 716 108 156 617 481 94 336 738 820 972 723 427 356 442 79 461 789 38 63 632 960 801 445 556 566 803 203 372 968 772 163 465 454 834 355 605 153 274 618 335 875 343 985 393 104 328 158 195 171 214 976 758 184 993 942 258 78 825 523 609 614 426 839 296 944 100 5 68 200 316 45 735 322 930 183 607 857 843 612 694 285 186 579 382 223 453 180 342 293 414 904 141 162 25 951 550 129 10 522 575 394 925 979 540 160 514 810 800 67 132 851 409 139 291 362 872 266 202 574
1 2
1 3
3 4
3 5
3 6
4 7
7 8
8 9
1 10
1 11
9 12
5 13
9 14
10 15
10 16
8 17
2 18
9 19
14 20
18 21
13 22
11 23
22 24
7 25
18 26
23 27
25 28
19 29
1 30
30 31
24 32
7 33
9 34
18 35
22 36
22 37
19 38
31 39
28 40
40 41
3 42
39 43
39 44
14 45
39 46
38 47
38 48
44 49
12 50
45 51
24 52
46 53
46 54
21 55
2 56
43 57
22 58
10 59
17 60
33 61
34 62
28 63
10 64
31 65
17 66
1 67
1 68
62 69
27 70
36 71
44 72
25 73
72 74
31 75
4 76
9 77
1 78
4 79
1 80
41 81
59 82
62 83
19 84
79 85
41 86
26 87
28 88
49 89
57 90
45 91
86 92
17 93
24 94
12 95
54 96
81 97
87 98
66 99
19 100
32 101
49 102
29 103
57 104
99 105
102 106
10 107
41 108
89 109
16 110
51 111
46 112
32 113
93 114
88 115
14 116
49 117
95 118
36 119
41 120
16 121
108 122
116 123
119 124
97 125
4 126
12 127
1 128
29 129
54 130
17 131
108 132
46 133
25 134
25 135
111 136
71 137
42 138
26 139
19 140
66 141
108 142
10 143
90 144
64 145
49 146
120 147
134 148
28 149
7 150
116 151
8 152
40 153
105 154
39 155
94 156
119 157
79 158
139 159
92 160
129 161
47 162
5 163
72 164
103 165
52 166
73 167
93 168
124 169
56 170
115 171
166 172
116 173
163 174
37 175
146 176
89 177
61 178
10 179
121 180
105 181
100 182
91 183
73 184
145 185
177 186
99 187
12 188
182 189
99 190
3 191
100 192
63 193
65 194
133 195
85 196
112 197
105 198
136 199
166 200
114 201
200 202
68 203
201 204
92 205
50 206
154 207
194 208
11 209
208 210
112 211
1 212
199 213
72 214
1 215
81 216
68 217
206 218
186 219
82 220
90 221
214 222
165 223
47 224
54 225
153 226
159 227
64 228
79 229
18 230
225 231
174 232
177 233
232 234
148 235
231 236
105 237
176 238
208 239
35 240
135 241
67 242
234 243
10 244
154 245
159 246
175 247
171 248
64 249
232 250
129 251
49 252
108 253
177 254
199 255
159 256
198 257
226 258
199 259
235 260
18 261
249 262
233 263
259 264
185 265
44 266
181 267
252 268
15 269
54 270
118 271
2 272
235 273
109 274
178 275
34 276
107 277
193 278
111 279
189 280
133 281
239 282
199 283
112 284
191 285
77 286
217 287
161 288
175 289
39 290
88 291
39 292
215 293
278 294
197 295
287 296
251 297
281 298
222 299
131 300
18 301
168 302
290 303
118 304
122 305
91 306
240 307
230 308
272 309
217 310
23 311
173 312
59 313
103 314
220 315
278 316
75 317
197 318
220 319
295 320
178 321
48 322
317 323
274 324
210 325
261 326
19 327
297 328
326 329
112 330
35 331
75 332
299 333
250 334
174 335
67 336
257 337
33 338
159 339
8 340
3 341
304 342
280 343
174 344
67 345
277 346
32 347
70 348
48 349
315 350
41 351
246 352
14 353
90 354
258 355
161 356
141 357
183 358
111 359
159 360
90 361
254 362
168 363
237 364
321 365
327 366
305 367
263 368
193 369
321 370
61 371
239 372
332 373
372 374
187 375
119 376
228 377
59 378
354 379
27 380
42 381
173 382
65 383
169 384
259 385
322 386
233 387
287 388
382 389
107 390
266 391
198 392
200 393
289 394
77 395
245 396
300 397
22 398
66 399
204 400
11 401
272 402
235 403
339 404
57 405
86 406
14 407
1 408
22 409
290 410
363 411
275 412
258 413
342 414
148 415
284 416
274 417
154 418
228 419
107 420
344 421
312 422
390 423
183 424
399 425
367 426
232 427
106 428
301 429
272 430
261 431
311 432
78 433
223 434
82 435
235 436
356 437
398 438
315 439
360 440
130 441
348 442
137 443
133 444
287 445
383 446
354 447
108 448
441 449
314 450
183 451
424 452
152 453
142 454
288 455
109 456
295 457
291 458
409 459
43 460
118 461
259 462
278 463
318 464
139 465
416 466
200 467
228 468
272 469
183 470
156 471
67 472
54 473
210 474
296 475
301 476
282 477
436 478
163 479
380 480
26 481
433 482
382 483
263 484
472 485
11 486
3 487
390 488
280 489
224 490
483 491
144 492
337 493
298 494
46 495
416 496
64 497
455 498
351 499
384 500
313 501
199 502
317 503
455 504
228 505
346 506
505 507
183 508
405 509
39 510
288 511
396 512
212 513
311 514
351 515
198 516
158 517
356 518
455 519
193 520
178 521
458 522
138 523
125 524
329 525
52 526
362 527
303 528
159 529
408 530
397 531
22 532
516 533
197 534
6 535
386 536
171 537
384 538
445 539
428 540
482 541
125 542
254 543
39 544
104 545
532 546
183 547
126 548
29 549
217 550
150 551
187 552
230 553
167 554
522 555
533 556
67 557
462 558
346 559
76 560
23 561
376 562
175 563
96 564
491 565
412 566
102 567
112 568
196 569
345 570
530 571
517 572
544 573
534 574
247 575
53 576
21 577
291 578
369 579
14 580
562 581
556 582
75 583
143 584
35 585
3 586
44 587
265 588
237 589
393 590
34 591
50 592
232 593
1 594
432 595
293 596
468 597
468 598
511 599
566 600
277 601
53 602
588 603
310 604
575 605
512 606
178 607
144 608
411 609
593 610
351 611
159 612
259 613
195 614
602 615
601 616
329 617
598 618
465 619
100 620
617 621
433 622
513 623
463 624
227 625
367 626
402 627
169 628
311 629
485 630
127 631
282 632
176 633
531 634
482 635
243 636
368 637
343 638
12 639
173 640
186 641
12 642
244 643
57 644
538 645
379 646
259 647
190 648
553 649
57 650
43 651
448 652
494 653
417 654
574 655
68 656
247 657
14 658
308 659
28 660
234 661
267 662
485 663
82 664
548 665
172 666
136 667
307 668
266 669
378 670
655 671
520 672
530 673
55 674
616 675
418 676
94 677
393 678
280 679
88 680
34 681
547 682
443 683
403 684
29 685
487 686
121 687
292 688
596 689
35 690
257 691
198 692
143 693
191 694
612 695
104 696
538 697
289 698
561 699
450 700
169 701
188 702
683 703
65 704
388 705
337 706
29 707
352 708
20 709
20 710
309 711
208 712
124 713
437 714
612 715
533 716
193 717
596 718
602 719
20 720
202 721
83 722
281 723
605 724
101 725
607 726
540 727
231 728
464 729
122 730
714 731
379 732
329 733
552 734
430 735
230 736
431 737
395 738
570 739
62 740
654 741
25 742
532 743
666 744
39 745
633 746
303 747
223 748
589 749
630 750
726 751
173 752
154 753
475 754
12 755
740 756
24 757
54 758
387 759
342 760
456 761
341 762
68 763
66 764
90 765
534 766
207 767
496 768
563 769
187 770
646 771
375 772
618 773
588 774
24 775
254 776
652 777
380 778
467 779
740 780
180 781
77 782
389 783
121 784
147 785
44 786
341 787
174 788
556 789
457 790
516 791
695 792
321 793
309 794
698 795
569 796
517 797
115 798
81 799
91 800
656 801
536 802
371 803
298 804
79 805
63 806
293 807
777 808
289 809
167 810
785 811
632 812
267 813
624 814
786 815
108 816
213 817
145 818
532 819
349 820
794 821
60 822
682 823
331 824
156 825
158 826
403 827
489 828
769 829
559 830
428 831
709 832
199 833
469 834
11 835
658 836
17 837
165 838
438 839
290 840
808 841
546 842
419 843
457 844
812 845
634 846
400 847
586 848
368 849
610 850
151 851
438 852
533 853
685 854
247 855
184 856
39 857
39 858
660 859
815 860
771 861
612 862
591 863
667 864
471 865
378 866
559 867
381 868
409 869
623 870
74 871
295 872
273 873
200 874
546 875
549 876
226 877
251 878
211 879
348 880
853 881
614 882
436 883
210 884
737 885
80 886
568 887
650 888
724 889
679 890
247 891
797 892
69 893
334 894
823 895
375 896
704 897
476 898
94 899
473 900
738 901
73 902
523 903
623 904
18 905
494 906
584 907
365 908
477 909
655 910
557 911
664 912
770 913
869 914
863 915
619 916
763 917
885 918
605 919
441 920
362 921
247 922
690 923
346 924
449 925
541 926
478 927
841 928
227 929
718 930
618 931
175 932
308 933
861 934
121 935
534 936
845 937
586 938
716 939
295 940
153 941
311 942
325 943
320 944
201 945
610 946
770 947
211 948
226 949
928 950
888 951
595 952
690 953
671 954
754 955
653 956
122 957
940 958
110 959
347 960
734 961
543 962
833 963
205 964
207 965
446 966
405 967
116 968
833 969
689 970
654 971
911 972
847 973
755 974
958 975
839 976
314 977
239 978
634 979
111 980
726 981
112 982
60 983
256 984
130 985
497 986
600 987
719 988
212 989
231 990
39 991
195 992
211 993
299 994
584 995
160 996
4 997
197 998
232 999
754 1000
