1000 110
185 647 290 437 842 493 742 871 491 850 321 653 304 923 838 276 697 846 832 204 634 94 657 771 222 605 804 328 142 473 978 234 557 233 151 144 848 175 998 909 114 240 826 176 737 117 343 952 299 344 703 525 920 225 511 589 612 39 527 167 761 136 119 28 192 857 777 294 401 507 839 726 596 448 851 60 178 122 309 38 109 659 856 614 946 282 928 759 95 129 523 126 452 981 111 845 504 769 940 594 813 539 382 986 268 560 767 814 714 791
1 2
1 3
1 4
2 5
2 6
4 7
3 8
7 9
8 10
2 11
10 12
1 13
11 14
4 15
2 16
6 17
7 18
1 19
1 20
12 21
20 22
20 23
13 24
5 25
5 26
2 27
25 28
11 29
24 30
8 31
15 32
32 33
6 34
34 35
3 36
13 37
37 38
22 39
5 40
21 41
39 42
4 43
13 44
35 45
11 46
6 47
29 48
17 49
16 50
7 51
44 52
50 53
11 54
33 55
40 56
10 57
42 58
18 59
54 60
36 61
54 62
47 63
17 64
19 65
4 66
51 67
40 68
1 69
30 70
10 71
45 72
41 73
32 74
15 75
60 76
47 77
26 78
70 79
44 80
11 81
31 82
66 83
40 84
22 85
13 86
16 87
68 88
61 89
49 90
57 91
52 92
92 93
39 94
75 95
21 96
3 97
2 98
11 99
17 100
9 101
63 102
82 103
56 104
60 105
83 106
37 107
99 108
90 109
62 110
29 111
43 112
35 113
109 114
2 115
34 116
13 117
34 118
53 119
110 120
78 121
89 122
10 123
45 124
90 125
108 126
18 127
25 128
19 129
68 130
122 131
36 132
110 133
10 134
80 135
69 136
53 137
23 138
120 139
122 140
75 141
98 142
130 143
58 144
137 145
134 146
145 147
45 148
77 149
107 150
122 151
56 152
14 153
22 154
125 155
85 156
122 157
101 158
8 159
22 160
64 161
112 162
12 163
147 164
158 165
139 166
5 167
88 168
75 169
54 170
66 171
158 172
50 173
72 174
69 175
84 176
46 177
92 178
40 179
87 180
24 181
93 182
102 183
88 184
108 185
18 186
163 187
67 188
116 189
23 190
7 191
97 192
12 193
122 194
96 195
128 196
56 197
90 198
22 199
193 200
177 201
88 202
1 203
30 204
155 205
78 206
135 207
196 208
177 209
13 210
173 211
104 212
61 213
57 214
22 215
18 216
97 217
45 218
71 219
84 220
173 221
49 222
205 223
81 224
181 225
26 226
201 227
163 228
172 229
154 230
227 231
85 232
84 233
72 234
58 235
177 236
171 237
135 238
111 239
182 240
114 241
218 242
199 243
114 244
224 245
119 246
219 247
146 248
219 249
78 250
59 251
188 252
79 253
80 254
180 255
223 256
125 257
204 258
155 259
30 260
50 261
248 262
235 263
141 264
46 265
37 266
233 267
28 268
113 269
12 270
107 271
153 272
113 273
96 274
168 275
51 276
250 277
195 278
75 279
272 280
220 281
258 282
21 283
122 284
144 285
10 286
105 287
275 288
100 289
279 290
252 291
290 292
31 293
61 294
4 295
175 296
270 297
33 298
162 299
168 300
249 301
122 302
11 303
213 304
142 305
258 306
264 307
224 308
257 309
71 310
262 311
33 312
99 313
189 314
310 315
221 316
288 317
174 318
117 319
294 320
104 321
236 322
111 323
278 324
214 325
199 326
220 327
195 328
140 329
109 330
190 331
24 332
100 333
95 334
313 335
260 336
138 337
70 338
197 339
2 340
91 341
263 342
157 343
107 344
152 345
82 346
77 347
247 348
293 349
103 350
78 351
269 352
139 353
77 354
79 355
16 356
7 357
311 358
78 359
172 360
136 361
163 362
128 363
17 364
316 365
358 366
60 367
189 368
292 369
175 370
75 371
28 372
148 373
60 374
62 375
356 376
308 377
309 378
192 379
67 380
1 381
68 382
302 383
55 384
76 385
348 386
148 387
49 388
330 389
257 390
289 391
213 392
155 393
323 394
384 395
106 396
35 397
127 398
25 399
188 400
284 401
203 402
30 403
187 404
314 405
247 406
284 407
303 408
62 409
271 410
37 411
338 412
295 413
81 414
326 415
172 416
268 417
34 418
172 419
45 420
348 421
38 422
253 423
287 424
148 425
224 426
132 427
288 428
345 429
166 430
6 431
9 432
371 433
86 434
161 435
98 436
283 437
96 438
353 439
29 440
430 441
36 442
344 443
97 444
112 445
285 446
441 447
363 448
233 449
52 450
298 451
134 452
180 453
85 454
280 455
338 456
379 457
74 458
323 459
247 460
160 461
19 462
228 463
85 464
456 465
268 466
332 467
7 468
50 469
32 470
44 471
444 472
172 473
226 474
394 475
322 476
82 477
272 478
39 479
133 480
229 481
398 482
223 483
231 484
434 485
333 486
47 487
283 488
376 489
402 490
144 491
193 492
206 493
275 494
87 495
228 496
346 497
263 498
16 499
398 500
163 501
309 502
24 503
451 504
24 505
302 506
132 507
380 508
155 509
469 510
176 511
22 512
511 513
256 514
505 515
254 516
422 517
262 518
289 519
342 520
436 521
315 522
225 523
364 524
114 525
298 526
157 527
190 528
124 529
221 530
85 531
240 532
215 533
142 534
16 535
102 536
139 537
341 538
221 539
164 540
394 541
285 542
217 543
204 544
120 545
432 546
392 547
151 548
193 549
506 550
300 551
537 552
142 553
173 554
341 555
216 556
228 557
84 558
119 559
311 560
443 561
391 562
245 563
425 564
236 565
176 566
509 567
420 568
76 569
215 570
409 571
472 572
283 573
431 574
530 575
465 576
334 577
492 578
473 579
295 580
434 581
533 582
196 583
341 584
238 585
282 586
410 587
223 588
508 589
87 590
428 591
175 592
457 593
163 594
212 595
172 596
404 597
147 598
40 599
160 600
284 601
354 602
22 603
586 604
363 605
98 606
584 607
250 608
323 609
159 610
375 611
481 612
437 613
305 614
134 615
91 616
533 617
377 618
536 619
392 620
399 621
345 622
25 623
179 624
101 625
570 626
422 627
340 628
451 629
542 630
143 631
518 632
417 633
417 634
23 635
147 636
173 637
567 638
180 639
101 640
22 641
368 642
574 643
238 644
634 645
278 646
429 647
126 648
585 649
583 650
296 651
315 652
344 653
515 654
42 655
295 656
319 657
149 658
165 659
206 660
359 661
318 662
83 663
67 664
117 665
85 666
488 667
391 668
161 669
211 670
140 671
107 672
72 673
481 674
652 675
244 676
438 677
72 678
64 679
367 680
284 681
676 682
77 683
615 684
611 685
367 686
319 687
425 688
168 689
122 690
638 691
621 692
86 693
54 694
429 695
253 696
615 697
463 698
282 699
628 700
643 701
167 702
378 703
426 704
279 705
200 706
462 707
645 708
488 709
206 710
2 711
382 712
541 713
464 714
42 715
486 716
441 717
448 718
36 719
117 720
670 721
498 722
435 723
708 724
19 725
546 726
69 727
664 728
479 729
514 730
574 731
642 732
312 733
127 734
581 735
417 736
645 737
590 738
603 739
452 740
272 741
212 742
690 743
683 744
693 745
383 746
259 747
492 748
748 749
561 750
674 751
748 752
243 753
138 754
103 755
76 756
374 757
137 758
131 759
167 760
494 761
120 762
698 763
405 764
31 765
509 766
184 767
667 768
273 769
166 770
79 771
70 772
602 773
240 774
243 775
184 776
738 777
763 778
624 779
75 780
646 781
581 782
196 783
317 784
311 785
62 786
434 787
269 788
552 789
488 790
456 791
423 792
307 793
28 794
596 795
561 796
400 797
15 798
199 799
589 800
476 801
511 802
674 803
483 804
379 805
533 806
115 807
312 808
374 809
641 810
791 811
274 812
719 813
137 814
664 815
305 816
136 817
120 818
422 819
165 820
360 821
163 822
808 823
371 824
662 825
8 826
245 827
151 828
587 829
762 830
788 831
275 832
260 833
545 834
755 835
507 836
126 837
527 838
217 839
597 840
41 841
181 842
447 843
537 844
225 845
455 846
141 847
797 848
344 849
572 850
199 851
442 852
406 853
712 854
723 855
544 856
631 857
420 858
666 859
478 860
381 861
686 862
314 863
102 864
299 865
165 866
131 867
498 868
331 869
95 870
407 871
186 872
729 873
826 874
17 875
498 876
262 877
557 878
255 879
809 880
678 881
547 882
755 883
615 884
290 885
417 886
135 887
788 888
742 889
732 890
681 891
417 892
524 893
111 894
792 895
315 896
496 897
29 898
378 899
330 900
6 901
415 902
401 903
720 904
392 905
536 906
361 907
240 908
345 909
8 910
206 911
774 912
18 913
660 914
630 915
595 916
820 917
99 918
686 919
916 920
604 921
743 922
878 923
7 924
126 925
794 926
894 927
88 928
275 929
228 930
914 931
167 932
700 933
87 934
906 935
126 936
181 937
879 938
761 939
95 940
490 941
538 942
430 943
592 944
284 945
927 946
129 947
822 948
213 949
372 950
556 951
910 952
280 953
621 954
59 955
305 956
723 957
924 958
198 959
780 960
789 961
510 962
314 963
596 964
956 965
185 966
495 967
2 968
552 969
961 970
150 971
570 972
145 973
344 974
577 975
210 976
21 977
48 978
892 979
153 980
816 981
702 982
782 983
504 984
59 985
968 986
479 987
974 988
417 989
172 990
93 991
717 992
629 993
659 994
117 995
626 996
382 997
458 998
478 999
141 1000
