1000 837
276 572 246 734 565 939 455 723 422 685 512 38 872 425 780 318 156 29 152 399 822 485 775 492 637 64 595 141 53 598 45 375 22 691 963 170 458 832 673 444 548 236 819 906 571 472 341 776 984 831 426 218 920 968 293 696 452 946 709 690 345 695 192 80 982 617 461 381 949 463 117 389 35 864 121 377 686 574 648 854 990 57 954 703 126 137 160 802 274 479 484 234 636 267 948 210 722 200 847 551 305 589 279 654 931 161 760 471 282 815 656 724 491 482 299 581 568 538 896 816 6 329 216 308 830 737 111 74 694 541 271 549 48 131 886 385 56 930 985 824 823 599 808 684 125 883 563 779 983 18 312 60 980 188 213 707 788 119 110 605 798 952 774 741 72 817 651 828 970 712 108 159 128 157 112 486 829 525 665 711 683 231 950 701 733 705 743 553 326 13 784 674 207 616 957 860 143 352 749 597 114 75 414 961 858 771 520 311 473 765 893 879 339 410 791 738 955 101 556 522 820 843 69 487 169 82 641 895 324 453 902 974 62 731 510 383 446 811 255 567 440 73 804 730 145 928 519 880 70 755 100 294 935 655 670 834 176 403 876 624 578 171 661 807 79 508 558 562 203 443 186 167 944 801 228 721 32 24 836 393 107 193 511 406 590 49 495 21 708 27 256 934 139 588 52 94 835 25 489 728 158 742 209 627 208 846 363 401 465 941 55 561 959 183 366 253 5 569 129 340 544 239 915 204 497 680 757 138 201 358 4 992 988 212 754 986 378 454 559 502 653 869 875 394 573 144 301 848 606 78 947 355 706 794 526 77 981 826 104 621 908 65 767 524 781 430 199 424 15 468 852 971 645 763 634 786 386 333 348 264 321 772 54 539 371 498 840 725 202 916 678 483 713 451 466 622 688 873 307 530 336 681 667 979 215 459 646 233 999 790 704 940 113 26 120 391 900 591 937 677 224 14 134 34 347 180 448 241 587 633 194 379 676 881 369 221 814 30 66 257 258 932 252 439 409 897 413 735 956 789 265 328 480 608 702 428 856 367 689 283 298 752 813 262 715 288 416 529 911 631 295 353 84 867 761 361 115 227 179 405 917 20 903 462 884 855 467 450 506 300 211 106 354 964 540 477 936 576 744 892 842 607 281 173 23 50 166 91 2 914 303 187 841 583 220 153 475 797 266 748 164 7 364 96 845 132 888 960 105 998 177 603 400 165 97 240 287 919 699 223 925 933 716 862 142 163 899 882 628 11 736 408 235 849 620 838 601 717 118 938 649 584 575 740 417 995 437 527 280 436 359 783 313 146 432 644 977 844 197 382 242 217 579 337 268 778 316 8 777 642 433 376 130 762 335 392 342 1000 123 594 314 427 877 442 285 658 304 756 796 334 423 800 513 59 555 315 500 531 148 292 273 205 727 398 499 669 61 818 643 921 402 277 894 863 331 593 12 629 445 570 3 89 614 181 85 747 184 481 516 397 284 260 51 799 534 33 151 672 470 535 913 431 666 991 967 806 602 330 532 521 554 190 972 83 133 560 782 517 792 269 507 230 693 592 626 966 929 770 615 162 732 905 396 81 505 28 675 720 346 600 827 344 58 124 692 90 793 196 821 996 174 585 810 660 698 310 965 232 630 418 994 136 537 263 40 604 885 664 857 922 926 768 36 251 243 550 68 582 86 195 618 109 88 191 805 891 372 975 374 122 327 149 306 623 214 545 309 887 523 635 67 259 496 503 493 803 225 904 546 76 564 987 833 438 773 404 435 769 943 809 746 37 95 365 388 586 360 751 890 909 474 291 898 638 390 343 878 659 351 662 182 150 719 93 687 942 871 270 222 853 317 46 490 278 923 254 460 566 154 557 387 189 229 319 325 289 866 322 764 697 226 613 140 261 889 71 219
1 2
1 3
2 4
4 5
4 6
6 7
3 8
6 9
2 10
5 11
4 12
3 13
5 14
11 15
12 16
4 17
17 18
16 19
16 20
18 21
15 22
1 23
16 24
20 25
12 26
25 27
24 28
3 29
20 30
11 31
21 32
28 33
31 34
33 35
16 36
10 37
22 38
17 39
39 40
2 41
20 42
16 43
13 44
37 45
18 46
3 47
7 48
9 49
16 50
34 51
1 52
28 53
42 54
24 55
24 56
24 57
19 58
54 59
8 60
41 61
46 62
61 63
21 64
18 65
57 66
54 67
42 68
68 69
10 70
54 71
40 72
45 73
65 74
51 75
20 76
31 77
52 78
44 79
68 80
79 81
45 82
69 83
8 84
15 85
15 86
21 87
24 88
83 89
5 90
90 91
31 92
7 93
11 94
68 95
20 96
56 97
79 98
8 99
83 100
71 101
21 102
8 103
35 104
49 105
51 106
69 107
40 108
30 109
104 110
82 111
5 112
37 113
71 114
75 115
115 116
57 117
32 118
59 119
38 120
56 121
61 122
50 123
71 124
18 125
98 126
36 127
113 128
46 129
95 130
113 131
129 132
78 133
73 134
26 135
72 136
38 137
98 138
21 139
20 140
117 141
3 142
111 143
101 144
43 145
105 146
78 147
46 148
56 149
60 150
7 151
89 152
148 153
107 154
8 155
93 156
65 157
89 158
129 159
19 160
117 161
14 162
74 163
151 164
69 165
110 166
92 167
70 168
34 169
158 170
99 171
7 172
76 173
82 174
99 175
119 176
34 177
9 178
159 179
114 180
167 181
68 182
41 183
65 184
145 185
89 186
76 187
96 188
136 189
136 190
45 191
172 192
11 193
34 194
192 195
4 196
128 197
20 198
66 199
112 200
127 201
197 202
76 203
35 204
143 205
198 206
174 207
180 208
153 209
191 210
173 211
129 212
190 213
109 214
42 215
25 216
30 217
182 218
156 219
112 220
104 221
170 222
198 223
42 224
18 225
45 226
161 227
182 228
75 229
224 230
23 231
120 232
196 233
16 234
60 235
96 236
146 237
186 238
70 239
101 240
112 241
49 242
215 243
154 244
10 245
226 246
131 247
173 248
227 249
100 250
133 251
38 252
235 253
123 254
238 255
43 256
170 257
52 258
251 259
36 260
63 261
164 262
190 263
119 264
233 265
68 266
93 267
48 268
102 269
145 270
220 271
265 272
231 273
98 274
7 275
126 276
162 277
162 278
184 279
136 280
280 281
117 282
244 283
209 284
11 285
63 286
144 287
75 288
113 289
199 290
169 291
201 292
235 293
255 294
99 295
219 296
295 297
126 298
166 299
216 300
290 301
156 302
66 303
50 304
303 305
282 306
31 307
188 308
34 309
12 310
297 311
111 312
310 313
274 314
198 315
62 316
203 317
111 318
241 319
156 320
201 321
87 322
154 323
266 324
63 325
131 326
254 327
139 328
61 329
223 330
140 331
187 332
111 333
179 334
10 335
314 336
295 337
189 338
163 339
307 340
78 341
20 342
162 343
172 344
60 345
247 346
197 347
168 348
312 349
52 350
51 351
351 352
337 353
202 354
326 355
294 356
300 357
76 358
42 359
198 360
91 361
102 362
227 363
128 364
43 365
227 366
95 367
343 368
351 369
306 370
320 371
1 372
175 373
16 374
182 375
97 376
354 377
129 378
91 379
125 380
20 381
185 382
42 383
28 384
297 385
365 386
149 387
231 388
168 389
364 390
302 391
316 392
185 393
38 394
151 395
82 396
152 397
312 398
234 399
379 400
167 401
175 402
107 403
381 404
288 405
214 406
290 407
83 408
280 409
122 410
41 411
170 412
305 413
183 414
45 415
106 416
209 417
135 418
214 419
173 420
297 421
234 422
222 423
17 424
311 425
404 426
278 427
234 428
85 429
153 430
89 431
84 432
304 433
268 434
298 435
340 436
133 437
190 438
176 439
106 440
375 441
259 442
27 443
6 444
395 445
429 446
164 447
221 448
74 449
392 450
417 451
98 452
35 453
413 454
420 455
391 456
38 457
129 458
218 459
409 460
42 461
340 462
311 463
144 464
104 465
195 466
394 467
251 468
186 469
53 470
407 471
443 472
110 473
52 474
98 475
440 476
224 477
100 478
206 479
385 480
435 481
252 482
457 483
428 484
156 485
150 486
263 487
255 488
389 489
182 490
395 491
229 492
268 493
64 494
436 495
218 496
226 497
299 498
449 499
473 500
124 501
224 502
228 503
14 504
93 505
424 506
37 507
334 508
442 509
435 510
330 511
109 512
428 513
15 514
435 515
63 516
206 517
129 518
260 519
69 520
69 521
381 522
38 523
34 524
222 525
390 526
86 527
475 528
331 529
201 530
117 531
16 532
282 533
154 534
193 535
240 536
188 537
367 538
236 539
203 540
192 541
380 542
534 543
436 544
54 545
257 546
31 547
117 548
404 549
502 550
163 551
529 552
4 553
309 554
461 555
147 556
468 557
376 558
252 559
129 560
324 561
467 562
306 563
366 564
360 565
74 566
152 567
317 568
316 569
514 570
473 571
9 572
150 573
153 574
48 575
35 576
399 577
254 578
195 579
92 580
330 581
50 582
58 583
126 584
220 585
373 586
580 587
380 588
314 589
328 590
563 591
508 592
510 593
258 594
94 595
102 596
586 597
350 598
73 599
250 600
412 601
540 602
144 603
519 604
500 605
490 606
449 607
125 608
313 609
538 610
252 611
592 612
413 613
608 614
496 615
462 616
300 617
504 618
546 619
574 620
73 621
435 622
182 623
255 624
88 625
548 626
519 627
507 628
57 629
233 630
33 631
350 632
532 633
339 634
250 635
184 636
51 637
32 638
545 639
444 640
308 641
11 642
449 643
602 644
135 645
475 646
594 647
582 648
188 649
511 650
398 651
507 652
123 653
601 654
454 655
40 656
243 657
104 658
182 659
650 660
660 661
371 662
49 663
179 664
20 665
251 666
484 667
184 668
266 669
91 670
159 671
317 672
414 673
383 674
660 675
392 676
250 677
573 678
404 679
357 680
237 681
139 682
462 683
410 684
102 685
3 686
386 687
347 688
605 689
630 690
339 691
461 692
59 693
268 694
497 695
156 696
189 697
278 698
294 699
473 700
129 701
654 702
148 703
230 704
409 705
568 706
329 707
337 708
178 709
153 710
594 711
274 712
125 713
59 714
400 715
434 716
122 717
645 718
215 719
76 720
296 721
296 722
188 723
399 724
714 725
67 726
74 727
595 728
302 729
582 730
725 731
622 732
88 733
348 734
197 735
208 736
100 737
265 738
575 739
730 740
85 741
522 742
9 743
65 744
158 745
54 746
321 747
662 748
561 749
577 750
427 751
112 752
307 753
391 754
718 755
234 756
434 757
453 758
383 759
36 760
7 761
622 762
136 763
289 764
4 765
7 766
167 767
384 768
191 769
599 770
185 771
105 772
125 773
99 774
118 775
443 776
512 777
406 778
240 779
726 780
385 781
350 782
133 783
732 784
623 785
602 786
558 787
676 788
482 789
48 790
764 791
750 792
168 793
682 794
135 795
530 796
104 797
487 798
627 799
139 800
522 801
81 802
239 803
659 804
633 805
552 806
441 807
263 808
193 809
244 810
135 811
590 812
89 813
9 814
643 815
138 816
314 817
733 818
488 819
102 820
482 821
615 822
285 823
43 824
218 825
392 826
112 827
243 828
184 829
192 830
484 831
222 832
678 833
41 834
203 835
333 836
89 837
91 838
614 839
303 840
315 841
282 842
188 843
579 844
277 845
432 846
61 847
348 848
646 849
468 850
777 851
423 852
626 853
311 854
112 855
692 856
740 857
552 858
320 859
115 860
433 861
823 862
692 863
222 864
370 865
646 866
38 867
581 868
846 869
367 870
262 871
360 872
589 873
457 874
802 875
433 876
314 877
515 878
42 879
99 880
274 881
43 882
284 883
774 884
643 885
32 886
874 887
357 888
590 889
804 890
189 891
480 892
509 893
512 894
685 895
760 896
334 897
753 898
627 899
686 900
250 901
314 902
612 903
503 904
783 905
591 906
546 907
622 908
415 909
432 910
391 911
276 912
398 913
105 914
825 915
329 916
672 917
911 918
14 919
149 920
712 921
97 922
225 923
329 924
330 925
343 926
4 927
616 928
635 929
476 930
892 931
590 932
647 933
116 934
918 935
697 936
58 937
520 938
662 939
700 940
692 941
465 942
158 943
367 944
299 945
108 946
672 947
515 948
641 949
49 950
26 951
647 952
619 953
775 954
4 955
129 956
379 957
851 958
405 959
755 960
823 961
864 962
467 963
408 964
633 965
219 966
220 967
342 968
821 969
59 970
511 971
72 972
877 973
482 974
454 975
33 976
760 977
76 978
459 979
907 980
542 981
364 982
867 983
235 984
558 985
770 986
216 987
358 988
381 989
607 990
725 991
586 992
260 993
280 994
245 995
974 996
878 997
274 998
339 999
640 1000
